00140
01317
01318
01319
01320
01321
01322
01323
01324
01325
01326
01327
01328
01329
01330
01331
01332
01333
01334
01335
01336
01337
01338
01341
01342
01343
01344
01345
01346
01347
01348
01349
01350
01351
01352
01353
01354
01355
01356
01357
01358
01359
01360
01361
01362
01363
01364
01365
01366
01367
01368
01369
01370
01371
01372
01373
01375
01376
01377
01378
01379
01380
01381
01382
01383
01384
01385
01386
01387
01388
01389
01390
01391
01392
01393
01394
01395
01396
01397
01398
01399
01400
01401
01402
01403
01404
01405
01406
01407
01408
01409
01410
01411
01412
01413
01414
01415
01416
01417
01418
01419
01420
01421
01422
01423
01424
01425
01426
01427
01428
01429
01430
01431
01432
01433
01434
01435
01436
01437
01438
01439
01440
01441
01442
01443
01444
01445
01447
01448
01449
01450
01451
01468
01469
01470
01471
01472
01473
01474
01475
01476
01477
01478
01479
01480
01481
01482
01483
01484
01485
01487
01488
01489
01490
01491
01492
01493
01494
01495
01496
01497
01498
01499
01500
01501
01502
01503
01508
01509
01510
01511
01512
01513
01514
01515
01516
01517
01518
01519
01520
01521
01522
01523
01524
01525
01526
01527
01528
01529
01532
01533
01534
01545
01548
01549
01551
01552
01553
01559
01560
01561
01562
01563
01564
01565
01566
01567
01568
01569
01570
01571
01572
01573
01574
01575
01576
01577
01578
01579
01580
01581
01582
01583
01584
01585
01586
01587
01588
01589
01590
01591
01592
01593
01594
01595
01597
01598
01599
01602
01603
01604
01605
01606
01607
01608
01609
01610
01611
01612
01613
01614
01615
01616
01617
01618
01619
01620
01621
01622
01623
01624
01625
01626
01627
01628
01629
01631
01632
01633
01634
01635
01636
01637
01638
01639
01640
01641
01642
01643
01644
01645
01646
01647
01648
01649
01650
01651
01652
01653
01654
01655
01656
01657
01658
01659
01660
01661
01662
01667
01669
01670
01671
01672
01673
01674
01680
01681
01682
01683
01684
01685
01686
01687
01688
01689
01690
01718
01719
01721
01722
01723
01727
01728
01751
01752
01753
01775
01797
01801
01803
01804
01805
01809
01810
01813
01817
01818
01822
01831
01838
01839
01840
01841
01842
01843
01844
01845
01863
01871
01872
01873
01874
01875
01876
01888
01897
01898
01899
01900
01901
01902
01903
01906
01907
01908
01909
01910
01917
01918
01919
01931
01934
01935
01936
01937
01938
01939
01940
01943
01944
01947
01954
01955
01956
01962
01972
01975
01976
01977
01980
01981
01982
01983
01985
01986
01987
01988
01989
01990
01991
01995
02033
02047
02048
02049
02050
02051
02052
02053
02054
02055
02077
02078
02086
02087
02090
02091
02093
02094
02095
02096
02097
02098
02099
02100
02101
02102
02108
02109
02110
02111
02112
02113
02114
02115
02116
02117
02118
02119
02120
02121
02122
02123
02124
02125
02128
02129
02130
02131
02132
02133
02134
02135
02136
02137
02138
02139
02140
02141
02142
02143
02144
02145
02148
02156
02157
02158
02159
02160
02161
02162
02163
02164
02165
02166
02167
02168
02169
02170
02171
02172
02173
02174
02175
02176
02179
02180
02182
02183
02184
02185
02186
02187
02188
02189
02190
02191
02192
02193
02194
02195
02196
02197
02198
02199
02200
02201
02202
02203
02204
02205
02206
02207
02208
02213
02214
02215
02216
02217
02218
02219
02220
02221
02222
02223
02224
02225
02226
02229
02230
02231
02232
02233
02234
02260
02273
02274
02275
02276
02278
02279
02280
02282
02283
02287
02288
02289
02290
02291
02293
02294
02305
02316
02327
02338
02349
02355
02378
02383
02384
02386
02387
02388
02389
02395
02406
02417
02423
02424
02425
02426
02427
02429
02430
02431
02432
02433
02434
02435
02436
02437
02444
02445
02446
02447
02448
02449
02450
02451
02452
02453
02454
02458
02459
02460
02461
02462
02463
02464
02465
02466
02467
02468
02469
02470
02478
02479
02480
02481
02482
02483
02484
02485
02486
02487
02489
02490
02491
02492
02493
02494
02495
02496
02497
02498
02499
02500
02501
02502
02503
02504
02505
02506
02507
02508
02509
02510
02511
02512
02516
02517
02518
02519
02520
02521
02522
02523
02524
02525
02526
02527
02528
02529
02530
02531
02532
02533
02534
02538
02539
02540
02541
02542
02543
02544
02545
02546
02547
02548
02549
02550
02551
02553
02554
02555
02556
02557
02558
02559
02560
02561
02563
02568
02570
02571
02573
02574
02575
02577
02579
02580
02581
02582
02584
02585
02586
02587
02588
02590
02591
02592
02593
02594
02595
02596
02597
02598
02599
02601
02602
02603
02604
02605
02606
02609
02613
02614
02615
02619
02620
02622
02629
02630
02631
02633
02634
02635
02636
02637
02638
02639
02641
02642
02650
02651
02652
02660
02661
02662
02664
02665
02669
02670
02671
02672
02673
02674
02675
02676
02677
02678
02679
02680
02681
02686
02687
02688
02689
02690
02691
02692
02693
02694
02695
02696
02698
02725
02726
02727
02731
02732
02733
02734
02735
02736
02737
02739
02740
02743
02744
02745
02746
02747
02748
02749
02750
02751
02753
02754
02756
02757
02758
02808
02810
02811
02824
02828
02830
02831
02833
02861
02872
02873
02874
02875
02876
02884
02885
02888
02889
02891
02892
02893
02894
02895
02896
02897
02898
02899
02900
02901
02902
02903
02904
02907
02908
02914
02918
02929
02933
02940
02963
02964
02967
02968
02969
02970
02971
02972
02973
02974
02975
02976
02977
02978
02979
02980
02982
02983
02986
02987
02988
02989
02990
02991
02992
02993
02994
02995
02996
02997
02998
02999
03000
03001
03002
03003
03004
03005
03006
03007
03008
03009
03010
03011
03012
03013
03014
03015
03016
03017
03018
03019
03020
03021
03022
03023
03024
03025
03026
03027
03028
03029
03030
03031
03032
03033
03034
03035
03036
03037
03038
03039
03041
03042
03043
03044
03048
03050
03051
03052
03053
03054
03055
03056
03057
03080
03089
03090
03091
03093
03094
03095
03096
03097
03150
03151
03152
03153
03154
03155
03156
03157
03158
03159
03160
03161
03162
03163
03164
03165
03166
03167
03168
03169
03170
03171
03172
03173
03174
03175
03176
03177
03178
03179
03180
03181
03182
03183
03184
03185
03186
03187
03188
03189
03190
03191
03192
03193
03194
03195
03196
03197
03198
03199
03200
03201
03202
03203
03204
03205
03206
03207
03208
03209
03210
03211
03212
03213
03214
03215
03216
03217
03218
03219
03220
03221
03222
03223
03224
03225
03226
03227
03228
03229
03230
03231
03232
03233
03234
03235
03245
03246
03247
03248
03249
03250
03251
03252
03253
03254
03255
03256
03257
03258
03263
03264
03265
03266
03267
03268
03269
03270
03271
07410
08569