00001
00002
00042
00045
00046
00047
00048
00049
00051
00052
00065
00069
00078
00139
00140
00159
00161
00169
00171
00172
00316
00349
00363
00462
00463
00791
00792
00794
00803
00829
00840
01245
01339
01340
01341
01351
01374
01407
01408
01596
01597
01599
01608
01627
01628
01632
01663
01664
01665
01666
01667
01668
01691
01693
01699
01709
01710
01711
01712
01715
01720
01721
01722
01725
01728
01733
01737
01738
01739
01740
01747
01758
01769
01780
01784
01785
01786
01787
01798
01799
01800
01801
01803
01805
01806
01808
01809
01811
01813
01814
01817
01819
01821
01822
01823
01832
01834
01839
01840
01841
01842
01843
01844
01871
01872
01873
01876
01888
01897
01898
01899
01900
01902
01906
01907
01908
01909
01910
01917
01918
01919
01931
01932
01933
01940
01947
01948
01949
01954
01956
01957
01958
01959
01963
01964
01972
01973
01975
01976
01977
01980
01981
01982
01983
01984
01985
01986
01987
01988
01989
01990
01991
01996
01997
02004
02005
02007
02010
02011
02012
02013
02014
02015
02016
02018
02019
02020
02021
02022
02024
02034
02035
02036
02037
02038
02039
02040
02047
02048
02050
02052
02053
02054
02055
02061
02062
02063
02064
02065
02066
02068
02073
02074
02075
02076
02077
02078
02079
02080
02082
02083
02084
02086
02087
02088
02097
02098
02099
02100
02101
02102
02126
02127
02128
02129
02130
02164
02165
02166
02167
02168
02170
02171
02172
02173
02174
02175
02176
02177
02178
02179
02181
02182
02183
02192
02203
02204
02205
02206
02207
02215
02217
02218
02221
02222
02223
02225
02226
02235
02237
02238
02239
02264
02271
02272
02277
02283
02292
02293
02294
02295
02296
02297
02298
02299
02300
02301
02302
02303
02304
02305
02306
02307
02316
02323
02325
02326
02327
02328
02329
02330
02331
02332
02333
02334
02335
02338
02340
02341
02342
02343
02344
02346
02347
02348
02349
02351
02352
02353
02355
02379
02385
02397
02401
02402
02408
02409
02413
02414
02416
02439
02441
02442
02443
02453
02454
02457
02469
02470
02488
02490
02491
02492
02493
02494
02535
02536
02537
02564
02565
02627
02640
02641
02642
02643
02644
02645
02646
02647
02648
02649
02653
02654
02655
02656
02657
02658
02659
02660
02661
02666
02667
02668
02677
02678
02682
02683
02684
02685
02692
02709
02712
02714
02715
02717
02718
02719
02720
02722
02723
02724
02728
02729
02730
02742
02752
02759
02760
02761
02762
02763
02764
02765
02766
02767
02768
02770
02771
02772
02773
02774
02775
02776
02777
02783
02786
02787
02795
02796
02797
02798
02799
02800
02801
02802
02803
02806
02807
02815
02816
02817
02818
02819
02820
02821
02822
02823
02825
02826
02827
02829
02832
02833
02834
02835
02840
02851
02855
02856
02858
02859
02860
02863
02864
02867
02871
02890
02905
02906
02909
02910
02911
02912
02913
02915
02916
02917
02919
02920
02921
02922
02923
02924
02925
02926
02927
02928
02930
02931
02932
02957
02958
02959
03005
03089
03090
03091
03093
03105
03107
03108
03120
03121
03122
03123
03124
03126
03127
03128
03129
03133
03134
03138
03139
03140
03188
03189
03190
03259
03260
03261
03262
03418
03428
03429
03431
03473
03605
03621
03622
03713
04193
04210
04576
04593
04604
04615
04629
04652
04702
04716
04717
04723
04728
04729
04730
04792
04793
04795
04809
04823
04835
04837
04838
04862
04863
05464
05465
05560
05802
05913
05914
05915
05916
05917
05968
06022
06108
06550
06570
07165
07657
07663
07664
07696
07697
07706
07708
07709
07710
07712
07713
07714
07715
07716
07717
07718
07719
07720
07721
07723
07724
07725
07726
07727
07728
07729
07730
07983
07984
07985
07986
08024
08025
08485
08486
08490
08491
08492
08493
08495
08496
08524
08548
08549
08550
08551
08552
08553
08554
08796
09058
09086
09087
09088
09217
09629
09630
09631
09632
09634
10239
10240
10241
10242
10247
10248
10249
10251
10262
10273
10276
10277
10283
10284
10285
10286
10287
10310
10359
10439
10440
10703
10727
10837
10844
10978
11166
11167
11214
11218
11219
11220
11225
11230
11231
11232
11233
11236
11239
11240
11244
11245
11246
11247
11248
11249
11250
11251
11252
11253
11254
11255
11256
11257
11258
11259
11274
11296
11297
11298
11299
11300
11301
11302
11303
11304
11305
11306
11307
11309
11311
11312
11313
11317
11318
11319
11320
11321
11322
11329
11330
11331
11332
11333
11334
11399
11422
11423
11427
11428
11429
11492
11493
11494
11510
11571
11572
11573
11574
11575
11577
11582
11598
11599
11602
11609
11611
11612
11614
11623
11631
11645
11646
11653
11654
11656
11657
11659
11797
11934
11951
11952
11953
11967
11980
11981
11982
11983
11984
11985
11986
11987
12015
12054
12078
12079
12430
12434
12850
12875
12878
12919