08856
08859
11003
10516
12738
10509
10508
10507
10505
12732
06969
12811
10955
11916
10765
02030
12745
08196
09764
06652
01153
07645
05321
05913
05914
09218
08237
08050
08049
08051
08100
11025
06387
06388
08538
12659
02041
05207
04021
10385
07558
07557
07556
07559
08983
12727
03582
12744
08989
08743
10709
02158
10518
07720
07721
07723
07725
07719
04086
07649
06156
12722
10718
10715
10706
10728
00854
00856
02445
02446
04423
00992
00994
00995
04020
04337
00021
12807
08316
01876
01835
07705
07702
07701
07699
08053
08052
00855
12760
04087
07703
07704
12769
01128
00972
12288
11576
05189
04712
04711
00026
07183
08744
10711
10714
10710
04280
00244
04776
09159
04281
03281
02157
08874
00233
04089
06432
11341
11990
11339
11988
11340
11989
04501
07724
08032
07694
08503
07695
12731
08911
08988
12778
10839
10806
10828
10795
07663
03928
07693
04639
06927
04571
00041
01108
05565
05561
08986
03423
08674
07729
12780
12713
07677
00210
01716
03927
04702
00997
04452
08984
12728
03932
00333
12751
01805
12718
07718
04751
04752
04753
04750
03370
04048
06229
10491
12127
06237
00014
06281
06303
06270
03936
00131
12786
10359
12273
12289
00935
00019
02569
12766
02708
03238
02705
03243
06177
07423
07424
02191
10445
07710
06236
05896
08733
07691
10343
12810
01558
03611
04746
04747
03668
05904
12777
10682
05905
05903
05906
05921
00130
01700
02755
00066
05705
05704
05703
03848
07664
00247
00653
00652
00651
00650
00415
00654
06264
12275
12276
02624
01171
03748
03900
07692
08600
07765
12812
07767
01947
07764
12783
01536
03746
03745
03743
12739
04626
04641
07180
07179
07178
04599
07174
07173
07177
07171
05221
00795
04597
05220
07181
04643
04598
07176
04642
04596
07170
05219
11005
10681
10683
07172
10684
07898
05334
11166
11167
01535
04625
04610
04624
10769
04804
04799
11403
04803
12764
11462
04594
04798
11476
11112
00472
02146
04595
05920
02782
06176
12743
00908
12809
01697
02707
03237
02706
02710
03236
03239
03241
00626
08670
02719
10602
11843
10593
00260
08075
02913
03592
05607
02912
02906
12818
00259
03949
12808
01695
00044
01813
01822
07698
01114
04300
00270
06244
03240
06220
02572
02702
03273
03275
00271
12691
02933
08518
12776
00269
00418
01692
12762
08517
12802
03950
06401
01103
04090
01102
01101
10539
11831
12784
01100
03721
10242
12287
03759
00871
00140
12782
10243
00874
04965
02576
00900
00902
00885
00899
12781
12800
00884
10721
00883
00882
08734
00886
03400
09143
00887
10198
10227
03551
01539
03640
00222
07256
02704
02711
03244
03276
06611
02173
12789
01211
00873
00872
03635
03636
03638
00273
00043
07356
05975
01285
00211
01210
03675
01824
01815
06533
02793
12692
02985
02608
01745
05552
05994
07274
07697
07696
01547
06628
04047
00272
12806
00952
05853
02215
02217
04059
01698
05223
05852
06527
04516
05851
03775
06483
02616
03814
05897
01739
02824
05547
12080
00111
03402
06595
09115
04800
00936
01286
01694
01701
01707
01717
00938
04858
06230
04077
01283
06637
06168
01949
01696
10376
05918
07630
00196
04721
08520
00016
04640
01107
01740
04001
06262
12708
03620
06173
01737
06148
04974
00941
04728
06132
06137
01044
01045
12081
06149
01058
07297
02222
02223
07286
01086
04078
11405
02475
06554
00953
01071
05895
00142
06555
11404
02687
03257
04055
03881
11081
02618
03980
00785
11082
05894
06190
00082
10492
06620
00248
02741
03765
04505
08193
08182
05572
03934
07277
04771
07276
02185
02828
03787
05886
03767
04091
08595
03766
06594
09114
10685
10688
10697
07728
03867
08453
05885
01693
11421
06638
00069
06593
09113
12815
00877
11420
04255
01181
03987
07754
07278
04225
03877
00876
00197
08446
05892
06186
06382
08445
07727
05891
05555
06189
07627
03004
05883
05890
05888
05884
05889
04222
08523
00137
00173
08624
00878
03003
02566
08569
07352
10881
11884
06810
04056
02698
03268
10535
11829
05887
02830
07357
01367
01368
06013
02036
05315
10540
11832
00138
04220
04221
06925
06021
00190
10584
02796
03422
12773
00132
01705
01912
00394
03005
10641
10837
00405
10591
11838
10636
02172
06539
00162
06151
10590
11837
03744
05554
06540
08447
08448
03258
04219
00126
08472
08455
06005
08471
08470
10596
03577
06139
04959
07709
03074
05979
04054
08930
12900
09226
00465
03732
10947
11917
01541
04794
06015
10551
10529
08169
10549
02040
02567
06936
02665
02888
03235
02884
10211
11787
05005
12526
02035
06418
10702
06052
02915
09842
09841
06419
10231
10230
06416
06417
00038
00267
06926
06938
09833
09835
09838
10588
11835
12899
06703
04644
06929
00266
06051
02669
03245
02641
02165
10554
03757
03758
01834
01699
12763
02204
02206
09214
03697
10696
10701
00265
02674
03251
00565
00571
02037
03586
12736
09836
02661
11517
02660
05016
04430
03696
04046
02676
02743
03246
12299
12310
12309
12311
12306
12308
00119
00084
02171
02945
05968
00572
05983
06170
06213
06215
05973
05974
02034
00316
02225
04080
00939
12389
06618
03504
00947
12388
03811
09837
02123
02944
08475
06624
03853
06619
12307
05972
02140
07818
00393
00396
00397
00399
02122
02946
02956
02117
06813
08506
02808
09464
09469
02818
10624
02807
03012
02573
02577
02586
02606
03006
02751
00102
03852
02696
03271
00125
07830
09462
09466
09467
12082
12385
11231
05924
05960
11233
02943
04980
07810
09463
09468
04984
05508
02671
03248
03250
05923
04977
00525
09465
03503
04848
02585
12486
03772
12735
07819
01121
06065
02673
02675
02694
03252
03269
07406
06353
11323
11419
04076
00970
04197
02916
02920
09470
08812
05461
05963
11232
09736
09738
11506
02725
08275
08276
00510
12381
00156
02964
01799
00508
09745
11711
09742
03994
00511
00507
00512
01026
05966
02963
10623
09746
12574
05971
05018
06354
00363
00157
00189
05017
03796
12585
09210
00484
05965
01517
00158
09211
09251
03606
08635
03494
09481
03254
12704
06937
02680
02681
03255
06940
12108
00022
00301
05962
01122
02129
04305
06821
02130
07923
05113
02137
11319
09775
07657
06550
02488
08643
02582
09767
04306
05970
00110
09758
00501
02121
09808
02477
00500
03883
01131
08952
11252
11257
11297
06526
05969
02831
04307
10325
08092
05961
10324
04927
10323
10326
04928
02197
10700
08581
01229
04929
08081
02664
03234
12706
06153
06528
10984
09488
02914
01635
12705
00318
03810
07976
09093
09221
08097
08070
09757
01773
08175
05075
08174
08059
01212
02169
11590
02420
02139
02196
10625
06461
05308
12703
03984
12139
09778
09800
09805
07794
08047
06475
00161
02116
01622
02184
00432
02836
09181
08048
09177
09182
11194
11973
09176
11284
11974
09504
09524
02889
09175
01561
00427
08173
03538
05114
06185
04930
09802
01606
07815
02714
05929
05899
03256
00431
11591
05163
11797
02199
04506
11796
09756
09789
05907
03799
06919
00464
03724
12696
03424
06447
05908
01202
09801
08636
07814
09755
06420
00814
11253
11048
07164
11049
11050
03226
09777
10799
09772
11069
12013
02231
10973
02419
11595
02218
00079
02727
02740
10802
05902
11601
05773
05774
04609
06839
06773
06828
06753
04283
04608
09485
10654
06762
03925
12699
01129
00949
07792
06751
09616
11600
10182
10184
09773
05162
10801
02189
10788
06928
11117
06511
07813
05836
06945
06906
05901
02188
03140
06503
06942
11044
04294
11045
06670
10787
03338
05900
07275
05197
03756
09484
03841
03537
01272
12707
11043
03534
02180
05950
07609
03227
09799
11588
11589
09380
03752
10055
09774
09779
09803
09870
10605
11846
03560
07163
10277
11544
12019
05653
02181
05196
03741
10845
11587
12709
05654
09213
08575
08072
11193
11972
10515
03502
09303
11627
12697
10997
10058
08598
01797
10952
11908
10532
11144
07799
10057
10513
10963
10512
11037
08730
05206
10299
11802
06944
02125
11545
12020
03713
05898
03495
11553
12028
06327
10487
00073
04468
07798
03505
11594
06141
08454
02682
03259
05342
07804
05982
11097
11943
00760
07797
07800
01233
09798
10994
10995
03571
10993
09804
08071
10794
09791
07808
04314
02063
11056
10511
11099
11945
11156
04667
10793
03532
09780
07780
10691
09060
11060
05735
01228
08934
02187
06228
04668
04670
11593
07902
08602
08936
08961
11397
02678
08069
11362
11996
09807
11067
04662
04664
04669
11286
11976
05205
03985
08558
00287
07788
11086
05061
11548
12023
11066
04795
04660
04671
03678
07789
08932
06126
11606
07793
11085
04551
11157
11158
08990
11127
07796
04052
04542
06995
10690
10692
10695
10698
10704
10708
10719
05154
10510
06105
05435
11605
00160
04541
00925
03647
12172
12424
04539
06356
11464
05775
04661
09627
11604
11046
04553
09787
09576
12030
11061
09806
09790
02670
03247
10179
11413
03563
11408
10300
11803
11062
11161
01227
04550
10338
11058
09782
09783
09785
11402
11014
11927
09788
11507
10071
12644
11145
05739
11034
06520
06538
01265
11057
11440
09577
12031
07766
10786
12642
11217
05409
00286
06292
05408
05422
01130
05410
05549
09776
09784
11068
11079
04051
10072
10178
09966
05230
11524
03655
03720
11528
03859
02243
01540
00078
10775
05413
04549
11138
02186
02219
05229
11140
03358
00538
02742
05583
11216
04540
04538
05412
07906
10966
02248
02195
05594
02194
10965
00914
11087
03808
10741
11856
05311
07795
11554
05571
00531
00839
05411
10070
06932
00826
10964
04098
05309
12551
04520
05437
03430
05423
11084
07546
05419
08286
11160
02514
04521
05915
03807
07252
12410
01544
00520
07917
00091
09949
09948
11168
11957
02684
03261
05195
05200
04535
04084
04085
05984
10971
04536
05522
00685
03428
00810
06400
07790
06395
06398
06457
07368
06348
10748
11857
07235
00686
00122
03805
05931
07142
02777
07905
07131
03832
03833
07369
10968
04354
06397
01134
11059
12496
07787
03938
10764
07130
10734
05387
07791
05203
01040
05383
00120
05384
05380
07372
05385
06331
03723
07371
03823
06469
00609
05741
10467
11902
01952
00793
00811
07370
06203
07349
06044
00608
06221
06120
01006