08856
08859
00664
00676
12716
12860
12868
12878
12896
12901
12903
12907
12940
12723
12730
12792
12816
12819
12820
12821
12822
12823
12824
12825
12826
12827
12828
12829
12830
12831
12832
12834
12835
12836
12837
12839
12840
07710
07718
07697
07696
12738
07663
07706
07729
12732
12811
04531
12807
02030
12745
12939
12929
12911
12993
12854
12876
12912
00160
11025
04532
04528
02041
12862
01876
02445
02446
12991
12857
08983
12917
12910
03582
12744
08989
03418
03429
03428
04086
12869
12866
07664
12722
12995
08316
00430
12760
04087
12769
03151
08840
11576
12099
12100
12905
12984
03281
08874
04089
10435
11341
11990
11339
11988
11340
11989
12886
07691
12727
12731
07693
12713
07692
12971
12994
12275
12276
08911
12891
08988
07694
07695
12778
12859
07728
07727
05860
05405
00041
05404
05820
05841
06927
04571
07705
05565
05561
07702
07701
07699
08986
12936
12897
03423
06611
12273
12289
02158
12780
07703
07704
12890
12858
01716
04702
04452
08984
03932
00140
12751
01805
12718
04751
04752
04753
05738
04750
03370
04048
06229
10491
12127
12728
12934
01171
03748
05733
05732
12931
12925
06237
12921
12924
06281
06303
06270
03936
12786
07698
10359
02569
03424
12879
12766
02708
03238
02705
03243
07423
07424
02191
10436
12737
06236
05896
12898
12908
07652
12810
01558
05904
12777
07647
12739
05905
05903
05906
00247
05921
08677
12779
01700
02755
12761
12841
00653
00652
00651
00650
00654
06264
12772
12791
12754
07725
07720
07719
07723
07721
03900
12843
08600
00233
07765
12812
07767
01947
07764
12783
01536
12845
12985
12758
01535
12764
05920
12743
12809
01697
02707
03237
12797
02706
02710
03236
03239
03241
07724
00626
00270
00260
08670
02719
00271
10602
11843
02913
00259
10593
03592
02912
02906
12818
08075
12808
03949
00269
01695
00211
01813
01822
12774
00935
06244
03240
06220
02572
02702
03273
03275
12691
02933
12776
00418
07648
01692
00080
12762
12802
00261
03950
06401
04090
10539
11831
12784
12759
12889
00222
12782
12788
04965
02576
12909
12781
10721
03400
12800
05072
06559
03551
01539
04231
03640
07256
02704
02711
03244
03276
01214
00273
02173
12870
12789
02608
12872
05071
12770
06836
12983
03635
02789
03636
03638
05863
07356
04388
12298
04387
08899
06408
06411
06409
03675
01824
00262
01815
06414
03491
00066
00272
00263
02793
12692
00264
02985
01745
06410
06413
05552
05964
07677
06412
07274
01547
02475
06415
02149
05980
00881
04762
04763
11198
09553
12806
05975
03572
01698
00880
12757
04315
04516
05853
05852
05851
02151
12804
12813
06740
02152
02147
08516
02738
02153
05426
05897
04002
12844
01739
04296
08515
04772
12814
12937
12080
04767
05866
05865
05864
07649
00111
04761
05862
12882
01694
01701
01707
01717
11375
06742
06637
04240
04077
01949
01696
10376
05918
00875
03618
00196
07630
04721
08520
02618
09544
01740
00115
03794
03620
00877
12768
01737
12749
04974
04389
00069
12875
00876
06502
06569
00166
11421
11420
04091
01044
06475
01045
06489
12081
07297
02222
02223
07286
12752
06447
05895
08898
00145
06568
04078
08523
12274
09554
00142
02687
03257
09541
11081
11082
05894