00035
00041
00066
00069
00080
00106
00111
00115
00140
00142
00145
00160
00166
00196
00211
00222
00233
00247
00259
00260
00261
00262
00263
00264
00269
00270
00271
00272
00273
00308
00418
00430
00467
00468
00626
00650
00651
00652
00653
00654
00664
00676
00695
00696
00701
00702
00707
00712
00776
00777
00875
00876
00877
00880
00881
00926
00927
00928
00929
00930
00931
00932
00933
00934
00935
00936
00937
00938
00939
00940
00941
00942
00943
00944
00945
00946
00947
00948
00949
00950
00951
00952
00953
00954
00955
00958
00966
00969
00970
00972
01030
01032
01033
01034
01044
01045
01049
01050
01124
01125
01132
01133
01134
01135
01136
01140
01171
01173
01174
01184
01214
01233
01241
01242
01243
01244
01245
01535
01536
01539
01547
01558
01601
01692
01694
01695
01696
01697
01698
01700
01701
01707
01716
01717
01737
01739
01740
01745
01805
01813
01815
01822
01824
01876
01947
01949
02030
02041
02147
02149
02151
02152
02153
02158
02173
02191
02222
02223
02419
02420
02421
02422
02445
02446
02475
02569
02572
02576
02608
02618
02687
02702
02704
02705
02706
02707
02708
02710
02711
02719
02738
02755
02789
02790
02793
02846
02847
02848
02849
02850
02853
02854
02906
02912
02913
02933
02985
03151
03236
03237
03238
03239
03240
03241
03243
03244
03257
03273
03275
03276
03279
03281
03283
03284
03292
03294
03295
03296
03297
03299
03300
03303
03304
03305
03306
03314
03315
03318
03319
03320
03321
03322
03323
03324
03325
03326
03327
03328
03329
03330
03333
03334
03340
03341
03342
03343
03344
03345
03346
03347
03348
03352
03353
03354
03357
03370
03384
03385
03386
03387
03388
03389
03390
03395
03400
03418
03423
03424
03428
03429
03474
03475
03478
03491
03499
03551
03559
03565
03566
03572
03582
03592
03604
03616
03617
03618
03620
03621
03622
03635
03636
03638
03640
03648
03649
03650
03675
03681
03682
03683
03714
03715
03731
03748
03749
03793
03794
03825
03900
03932
03936
03949
03950
04002
04048
04077
04078
04086
04087
04089
04090
04091
04099
04100
04101
04190
04231
04240
04296
04315
04387
04388
04389
04452
04516
04528
04531
04532
04571
04702
04721
04750
04751
04752
04753
04761
04762
04763
04767
04772
04965
04974
05071
05072
05147
05148
05149
05150
05404
05405
05426
05552
05561
05565
05732
05733
05738
05820
05841
05851
05852
05853
05860
05862
05863
05864
05865
05866
05894
05895
05896
05897
05903
05904
05905
05906
05918
05920
05921
05964
05975
05980
06062
06064
06065
06066
06067
06192
06210
06214
06216
06217
06220
06229
06236
06237
06244
06264
06270
06281
06294
06295
06296
06297
06298
06303
06312
06313
06315
06316
06317
06318
06319
06320
06343
06359
06401
06408
06409
06410
06411
06412
06413
06414
06415
06447
06475
06489
06497
06502
06504
06507
06508
06509
06510
06512
06515
06516
06517
06521
06532
06536
06537
06559
06568
06569
06576
06577
06578
06579
06581
06582
06583
06584
06585
06587
06588
06589
06611
06637
06740
06742
06836
06927
07256
07274
07286
07297
07356
07423
07424
07630
07647
07648
07649
07652
07663
07664
07677
07691
07692
07693
07694
07695
07696
07697
07698
07699
07701
07702
07703
07704
07705
07706
07710
07718
07719
07720
07721
07723
07724
07725
07727
07728
07729
07764
07765
07767
08075
08316
08494
08515
08516
08519
08520
08523
08546
08547
08570
08571
08584
08585
08600
08609
08670
08677
08739
08743
08744
08758
08776
08800
08801
08802
08811
08813
08814
08816
08817
08818
08819
08820
08825
08827
08830
08840
08847
08848
08849
08850
08856
08859
08874
08882
08889
08898
08899
08911
08948
08949
08950
08951
08952
08953
08954
08955
08956
08958
08983
08984
08986
08988
08989
09096
09097
09098
09099
09101
09102
09103
09104
09105
09107
09108
09109
09137
09138
09139
09140
09141
09142
09143
09144
09145
09146
09147
09148
09149
09150
09151
09217
09351
09431
09541
09544
09553
09554
10258
10269
10359
10376
10428
10435
10436
10491
10539
10593
10602
10721
11025
11028
11081
11082
11198
11339
11340
11341
11375
11401
11420
11421
11576
11650
11831
11843
11988
11989
11990
12080
12081
12099
12100
12127
12273
12274
12275
12276
12289
12298
12583
12584
12691
12692
12711
12713
12716
12717
12718
12720
12722
12723
12724
12727
12728
12730
12731
12732
12737
12738
12739
12743
12744
12745
12746
12749
12751
12752
12754
12755
12757
12758
12759
12760
12761
12762
12764
12765
12766
12767
12768
12769
12770
12772
12774
12775
12776
12777
12778
12779
12780
12781
12782
12783
12784
12786
12788
12789
12791
12792
12795
12797
12799
12800
12801
12802
12804
12806
12807
12808
12809
12810
12811
12812
12813
12814
12816
12818
12819
12820
12821
12822
12823
12824
12825
12826
12827
12828
12829
12830
12831
12832
12833
12834
12835
12836
12837
12838
12839
12840
12841
12843
12844
12845
12848
12851
12853
12854
12855
12856
12857
12858
12859
12860
12861
12862
12863
12864
12866
12868
12869
12870
12872
12875
12876
12878
12879
12882
12886
12889
12890
12891
12895
12896
12897
12898
12901
12903
12905
12907
12908
12909
12910
12911
12912
12914
12917
12921
12924
12925
12929
12931
12934
12936
12937
12939
12940
12954
12956
12961
12962
12963
12964
12965
12966
12967
12968
12969
12970
12971
12972
12973
12974
12975
12976
12977
12978
12979
12980
12981
12982
12983
12984
12985
12986
12987
12988
12989
12990
12991
12992
12993
12994
12995
12996
12997
12998
12999
