14795
14796
14797
14798
14800
14801
14835
14836
14844
14885
14886
14892
14893
14896
14915
14916
14917
14918
14919
14920
14930
14931
14932
14933
14934
14935
14938
14945
14951
14969
14970
14972
14978
06804
06805
06809
06814
06825
06826
06829
06830
14888
14929
06612
06613
06806
06807
06808
06810
06811
06824
06828
06832
11458
11506
11507
11533
11534
11567
11665
11666
14746
14753
14755
14757
14758
14773
14774
14775
14779
14780
06745
06746
06748
06763
06817
09759
09761
09763
09764
09765
09766
10337
11264
11269
11270
11271
11335
11349
11351
11369
11370
11373
12778
14833
03806
03809
03834
03845
03846
03847
03853
03854
03878
03923
03939
03940
03941
03964
03965
03966
03968
03977
03981
03982
03987
04026
04027
04028
04063
04104
04105
04106
04116
04117
04118
04119
04120
04138
04139
04179
04221
04296
04312
04316
04317
04479
04483
04527
04531
04533
04537
04548
04560
04566
04578
04583
04623
04643
04649
04650
04660
04661
04662
04663
04664
04666
04667
04670
04671
04674
04675
04698
04718
04721
04722
04737
04739
04744
04745
04754
04812
04813
04847
04848
04863
04870
04932
04987
04988
04989
04990
04991
04992
04994
05008
05011
05012
05014
05015
05047
05048
05049
05050
05051
05054
05089
05090
05091
05093
05097
05148
05149
05152
05153
05154
05158
05163
05215
05220
05221
05224
05227
05228
05296
05297
05298
05317
05318
05321
06743
06800
08162
08163
08950
08952
08957
08958
08977
08978
08983
08984
08985
08989
08990
09012
09013
09016
09019
09021
09036
09037
09039
09042
09052
09053
09058
09065
09066
09068
09070
09071
09073
09074
09078
09079
09093
09095
09140
09762
10329
12485
14661
14669
14670
14671
14684
14685
14686
14691
14697
14704
14714
14715
14716
14719
14720
14724
14725
14729
03060
03586
03589
03590
03629
03703
03706
03715
03716
03719
03738
03739
03768
06539
06540
06575
06744
08153
08164
08280
08480
08768
08771
08847
08849
08924
08935
08956
08986
09040
09041
09083
09082
09088
09592
09760
09768
10758
10915
11074
11075
11655
11778
11780
11782
11931
11932
11937
11959
11973
11980
11981
11982
12119
12376
12410
12411
12455
12466
12468
12470
12478
12479
12484
12501
12505
12512
12521
12522
12523
12526
12529
12530
12532
12549
12552
12585
12587
12588
12590
12591
12592
12593
12594
12598
12600
12602
12603
12604
12605
12606
12607
12610
12628
12631
12639
12643
12654
12655
12656
12697
12698
12699
12701
12708
12709
12742
12743
12754
12758
12761
12767
12771
12772
12775
12776
12780
12781
12782
12783
12786
12793
12798
12822
12823
12825
12832
12846
12849
12850
12876
12893
12902
12903
12915
12916
12929
12939
12942
14689
02767
02769
02792
02793
02794
02869
02870
03205
03206
03207
03209
03211
03215
03217
03218
03219
03220
03222
03254
03267
03301
03321
03322
03324
03327
03330
03333
03334
03335
03336
03337
03338
03344
03354
03396
03397
03399
03415
03416
03421
03422
03427
03448
03483
03505
03506
03534
03547
03549
03555
03564
03572
03573
03630
03662
03663
03683
05372
05373
05374
05375
05376
05381
05387
05391
06544
08193
08514
08538
08556
08634
08732
08753
08755
08760
08764
08776
08897
08905
08932
08934
08949
09010
09007
09015
09044
09577
09783
09785
10279
10807
10926
11616
11750
11779
12481
12482
12483
12589
12601
12700
12745
12755
12948
14690
01504
01505
01506
01507
01531
01544
01561
01573
01574
01575
01576
01577
01581
01583
01584
01586
01589
01684
01687
01697
01698
01702
01703
01706
01708
01713
01745
01759
01761
01772
01773
01781
01783
01789
01790
01791
01792
01795
01796
01798
01802
01804
01807
01812
01820
01825
01827
01829
01830
01833
01860
01878
01879
01890
01894
01895
01932
01933
01951
01952
01963
01966
01967
01978
01979
01984
02002
02003
02004
02013
02034
02037
02038
02040
02041
02043
02044
02045
02144
02148
02190
02193
02235
02243
02246
02247
02248
02249
02250
02256
02257
02259
02264
02265
02266
02268
02269
02271
02296
02297
02299
02300
02304
02306
02307
02308
02309
02312
02313
02314
02317
02319
02320
02325
02327
02328
02333
02334
02342
02343
02349
02350
02355
02362
02363
02364
02365
02367
02368
02369
02370
02371
02372
02379
02385
02393
02394
02397
02398
02400
02401
02409
02410
02442
02443
02451
02452
02453
02454
02469
02470
02503
02504
02505
02506
02508
02509
02653
02654
02655
02656
02693
02761
02833
02835
02841
02842
02843
02844
02883
02894
02897
02925
02955
03029
03062
03063
03064
03112
03120
03121
03122
03123
03128
03129
03130
03135
03137
03138
03548
05353
05388
05390
05396
05397
08150
08746
08754
08772
08848
08901
08939
08948
08979
09045
09051
09076
09106
09134
09782
09830
09831
09846
09848
09873
09885
09896
09906
10099
10104
10292
10294
10298
10301
10302
10306
10310
10805
10852
10889
10903
10904
10906
10907
10940
10941
10942
11061
11617
11668
11688
11691
11692
11693
11695
11696
11699
11701
11702
11703
11704
11733
11874
12055
14592
14594
14596
14598
14676
01237
01238
01292
01297
01298
01307
01714
01717
01891
02876
02954
05370
05395
05447
05449
05450
05451
05452
05453
05454
05455
05764
05781
06100
06555
06593
06764
06995
06996
06997
07001
07007
07010
07026
07027
07244
08159
08160
08217
08218
08473
08523
08707
08904
08938
08951
08955
09061
09784
10300
10315
10323
10324
10836
10837
10844
10845
11618
11619
11694
11784
14520
14578
14587
14624
13687
13688
00832
01257
01281
01712
02315
02945
02953
05398
05430
05798
05831
05833
05835
05838
05839
05849
05850
05852
05853
05860
05869
05870
05871
05872
05881
05893
05968
06026
06037
06038
06039
06064
06065
06998
07009
07020
07023
07024
07025
08472
08745
08757
08769
08953
09117
09133
09164
09591
09871
10234
10245
10314
11180
11669
11789
14521
14595
13674
13737
13741
01217
05362
05761
05763
05775
05797
05799
05800
05805
06099
06345
06730
06831
07021
08284
08469
08767
08770
09038
09049
09054
09060
09063
09067
09069
09080
09125
09155
09567
09776
10204
10208
10247
10288
10320
10325
10393
10402
10419
10428
10430
10432
10433
10434
10440
10446
10447
10450
10451
10456
10551
10653
10654
10699
10804
14540
14541
13738
01015
01259
03701
05429
05437
05548
05691
05695
05697
05698
05700
05701
05715
05716
05720
05724
05776
05788
05791
05794
05795
06999
07126
07926
08129
08131
08170
08221
08362
08492
08571
08766
08833
08840
08867
08892
08893
08894
08903
08945
09046
09048
09062
09204
09769
10200
10206
10211
10213
10217
10220
10221
10224
10225
10226
10228
10229
10230
10281
10347
10349
10403
10404
10431
10439
10449
10457
10529
10549
10565
01017
03061
05328
05438
05558
05757
05801
05802
06598
06649
07063
07339
08052
08053
08056
08066
08067
08074
08081
08097
08130
08155
08211
08230
08324
08347
08505
08507
08508
08537
08557
08576
08591
08737
08761
08816
08817
08822
08823
08824
08826
08829
08839
08933
08943
08944
09043
09141
09143
09190
09216
09801
10101
10198
10227
10231
10232
10242
10303
10316
10322
10331
10333
10335
10397
10408
10415
10530
10740
13901
01004
02946
05355
05424
05436
07120
07893
07894
07909
07910
07911
07914
07915
07925
08033
08050
08051
08054
08064
08073
08075
08127
08168
08420
08555
08567
08592
08596
08738
08762
08796
08798
08850
08837
08940
09139
09153
09206
09802
10309
10317
10348
10448
11786
11826
13673
01216
01254
05546
06565
06566
06594
06646
06654
07465
07467
07538
07892
07922
07932
08046
08049
08068
08219
08494
08509
08510
08521
08569
08739
08741
08759
08819
08842
08931
08930
08914
08929
09059
09084
09085
09064
09081
09154
09205
10241
10334
10345
00062
12964
12980
05427
06441
06597
06781
06931
07338
07466
07498
07890
07913
08041
08055
08416
08425
08632
08756
08818
08838
08896
08900
08902
08915
08941
08954
09072
09075
09152
10243
10319
10332
10336
10338
10339
10407
12031
00980
01146
01166
05405
06659
06727
06785
06789
06791
07304
07410
07464
07629
07638
08286
08841
08843
08913
08936
09077
09113
09114
09116
09797
10327
10340
01164
05392
05428
06721
06736
07335
07340
07555
07620
07621
08167
08255
08283
08329
08493
08570
08774
08832
08895
08946
09115
09624
10233
13734
14105
00107
00110
00855
14380
01010
01037
01150
05333
06356
06357
06434
06543
06595
06751
06777
07630
07912
08042
08220
08265
08285
08422
08437
08560
09118
09201
10880
10930
13677
02845
05345
05347
05350
05354
05404
05426
06329
06453
06454
06464
06465
06466
06467
06468
06469
06472
06596
06784
07066
07336
07348
08040
08763
08775
08828
09625
10201
10216
10860
13721
00913
01078
05361
06430
06436
06470
06628
06776
06787
06788
08236
08912
10199
10215
00417
00432
01140
01149
05393
06179
06382
07334
07349
09691
10075
10934
13681
00519
00923
01081
01169
02867
02873
06180
06448
06431
06435
06761
06782
06790
07904
08229
08778
14118
00067
00366
00391
00917
01065
01118
01211
02747
05360
06177
06346
06353
06438
06750
06772
07305
07333
07337
07898
08038
08186
08911
10077
14601
00875
00886
01039
01215
02871
05352
06176
06433
06766
07062
07064
07097
08235
08460
08651
08777
09124
14597
13735
00874
00895
00974
01151
02765
03702
05349
05359
06358
06440
06463
06670
06749
06775
06799
08415
08720
09788
00856
14379
01082
01167
02736
05403
06526
06609
06668
06722
06786
07325
07332
08214
08419
09112
00497
00500
00645
00721
01087
02731
06768
06915
08765
11803
11804
13904
14119
00064
00207
00871
00915
01123
01126
01148
02763
05340
05348
10214
10330
13795
13903
13952
00059
00068
00523
00526
01048
01136
04679
05346
06324
06330
09790
11062
11796
11808
13682
13796
13849
13890
00027
00458
12955
01047
02662
02874
03763
04140
05295
05326
06669
06762
06773
06783
06840
07122
07331
07554
11801
00056
01165
03861
04172
05357
05358
06163
06173
06437
06604
07627
08213
10321
11795
13722
13907
00065
00392
00453
00566
01043
02302
03970
04174
04673
04680
06650
06774
06780
08182
09128
14591
13452
14099
00060
00208
00989
01080
03969
05006
05094
05125
05128
06162
06175
06351
06742
06759
06767
06795
09807
11794
13736
00872
01139
04886
05504
05514
06765
06839
08226
08910
09127
11797
13799
00390
00877
00899
01159
02875
04481
05081
05332
08179
14582
00017
14085
14299
04993
06172
06656
06725
06770
07622
08171
09131
12007
13683
13689
13899
00057
00578
00866
00976
04017
04997
06710
07553
08448
10318
10931
13798
13834
00513
00790
00865
00881
00894
01038
01042
01163
03126
05339
06327
06665
06728
09806
12008
13765
00038
14104
00095
00922
01085
03212
03216
05320
06528
06729
06737
08773
11194
13074
13824
14108
00386
00979
00987
04920
08184
09135
13883
13928
13929
14103
00101
00517
00873
01145
06527
06753
06779
08212
13926
13946
00397
00512
06326
08178
08377
10929
11791
12856
03132
06633
08092
11787
14593
13948
13954
14088
14324
00897
01885
05325
06573
06586
08447
10074
10937
13225
13804
00066
00431
00455
00533
00902
01205
05096
06713
07411
11805
13955
00804
01031
06741
13916
13927
00007
13944
00055
00093
00642
00993
07628
08455
13073
13846
01122
13071
13728
13848
13920
14124
00694
01079
06641
06778
11677
13217
13889
00394
00878
06572
06605
07065
13094
13218
13453
00530
00567
00720
00898
01244
05331
13072
13260
13686
13750
14123
00393
00502
00516
00876
00885
04529
06738
14093
00527
12975
03208
03223
03224
13637
13234
13908
00437
00693
00829
03040
04528
13730
13912
13918
13923
03124
03127
04561
08181
13905
14013
14037
14321
00719
01018
03131
03490
04755
09132
13075
13837
13942
00074
00077
14300
14305
04532
04668
06128
13032
13077
13864
13906
00385
00532
04905
13620
13641
13431
13469
13746
13845
13950
00383
00678
01206
01245
04534
08100
10280
13648
13043
13867
00100
00484
00509
01147
02441
05503
06352
13825
01736
06592
13841
00997
01086
13626
13628
13887
00973
02311
ext_manual_pathsandguides_2
08180
13611
13898
00209
00384
00518
01127
01210
04678
06174
13613
13617
13675
13718
13873
00119
00281
00435
00456
00900
03119
04162
04919
08185
13609
14304
14315
00521
02331
00352
00373
00375
00382
00986
01679
02337
03971
04519
05007
05324
06125
10326
13608
13876
13947
03943
04922
05234
05330
06354
11788
13690
13821
14326
00983
12971
01156
01445
03942
03967
04229
13744
13874
14089
01579
01587
01678
01710
02339
02373
03533
04644
04684
00029
00079
00387
00388
00529
01530
13910
13915
00364
00400
00507
01005
01570
03721
04029
13678
00006
00030
00075
14325
00884
01207
01569
01705
03717
10079
13597
13697
13884
13949
00376
00975
01580
01696
05010
13861
00155
14312
00414
00978
01083
04021
05124
06769
08376
10777
13594
13879
00528
01682
04141
00882
01212
03705
05013
05322
13823
14086
03357
13870
13943
03574
06328
00438
00508
00510
03326
13666
13771
13865
14091
01704
13921
14314
00460
02310
02323
05547
06439
10287
10939
13888
00896
00964
00078
05545
13672
13941
01694
02335
03666
03793
06978
13822
01882
01973
02377
03393
03643
05515
10933
13985
00333
00365
01964
04677
13897
00396
02036
04974
10282
00416
00450
01535
01555
01824
02344
03133
05104
13922
01232
01816
02318
05544
01016
01695
01721
01815
01912
08172
13749
13858
00034
00239
00501
00515
00535
01683
01701
01883
04951
02346
13470
13671
14087
00395
01707
09089
02351
02366
13504
13909
01677
01711
01794
02035
13919
03626
04669
00524
00887
02046
02341
13917
14012
01256
01782
13835
13843
00511
13432
00880
02039
ext_manual_three_1
10932
13894
00374
00499
06531
01836
02242
13802
14014
00081
13832
02336
02340
03477
04894
13842
13902
00883
02298
02748
14301
00399
00920
02330
13886
14394
00443
02329
02338
02396
00033
00097
01162
02263
13847
00367
01084
01722
02303
02332
02374
13676
13748
13793
00428
12954
01881
02402
02408
01735
02326
02507
04921
14092
01768
02251
02270
02399
06129
00503
02262
08418
14350
01198
01880
03665
02416
03620
01756
03449
11161
13449
01755
01771
13844
00063
00576
02258
09129
13704
02301
03355
03426
03464
03498
13827
01779
02324
13534
13878
13893
00410
01754
03465
00514
03414
13742
13840
00028
00076
00408
00893
01799
13892
13877
13717
13986
14106
00525
00276
09126
13836
14313
13862
00415
14254
01200
05505
13855
00988
11790
13770
00036
13856
01014
06530
13427
02245
00436
10212
13851
13945
13769
00240
13859
00032
06529
00080
13520
00540
13863
00082
13719
ext_manual_contour_2
09130
13885
00183
00575
00291
00452
00999
13747
06608
13450
00398
14306
13860
00809
13768
00522
14250
14322
00050
13895
13940
01709
13525
13433
13696
13829
13869
00413
13924
00457
13850
13404
14323
13538
14327
13820
13852
00451
00534
14249
13451
00442
13505
13857
00041
13951
00037
13866
13790
13957
00253
13528
06606
06607
13766
13826
13868
00429
13831
13900
00031
13828
08417
13535
13854
13448
13539
13774
01923
