00001
00002
00003
00004
00005
00006
00007
00008
00009
00010
00011
00012
00013
00017
00027
00028
00029
00030
00031
00032
00033
00034
00035
00042
00050
00052
00058
00059
00060
00061
00062
00063
00064
00065
00070
00071
00072
00073
00074
00075
00076
00077
00078
00079
00080
00081
00082
00084
00085
00086
00087
00088
00089
00090
00091
00092
00093
00094
00095
00096
00097
00098
00099
00100
00101
00102
00103
00104
00105
00106
00107
00108
00109
00110
00111
00112
00113
00114
00115
00116
00117
00118
00119
00126
00127
00128
00132
00133
00134
00135
00136
00137
00138
00140
00141
00142
00143
00144
00145
00146
00147
00148
00150
00151
00152
00154
00155
00156
00157
00158
00159
00160
00161
00162
00163
00164
00165
00166
00167
00168
00169
00170
00171
00172
00173
00174
00175
00176
00177
00178
00179
00180
00181
00182
00183
00184
00185
00186
00187
00188
00189
00199
00200
00201
00202
00203
00204
00205
00225
00235
00236
00237
00239
00240
00241
00242
00243
00246
00251
00252
00254
00268
00274
00275
00276
00280
00284
00285
00286
00287
00289
00290
00291
00292
00293
00294
00295
00296
00297
00298
00299
00300
00301
00302
00306
00307
00308
00309
00310
00311
00312
00313
00314
00315
00317
00318
00319
00320
00321
00322
00323
00324
00325
00326
00327
00328
00329
00330
00331
00332
00334
00335
00336
00337
00338
00339
00340
00341
00342
00343
00344
00345
00346
00347
00348
00349
00350
00351
00352
00353
00354
00355
00356
00357
00358
00359
00360
00361
00362
00363
00364
00365
00366
00367
00368
00369
00370
00371
00372
00373
00374
00375
00376
00377
00378
00379
00380
00381
00383
00384
00385
00386
00387
00388
00389
00390
00391
00392
00393
00394
00395
00396
00397
00398
00399
00401
00402
00403
00404
00405
00406
00407
00408
00417
00418
00419
00420
00421
00422
00423
00424
00425
00428
00429
00430
00431
00432
00433
00434
00435
00436
00437
00438
00439
00440
00441
00442
00443
00444
00445
00447
00448
00449
00450
00451
00452
00453
00454
00455
00456
00457
00458
00459
00460
00461
00462
00463
00467
00468
00469
00470
00473
00474
00475
00476
00482
00483
00484
00497
00499
00500
00501
00502
00503
00507
00508
00509
00510
00511
00512
00513
00514
00515
00516
00517
00518
00519
00521
00522
00523
00524
00525
00527
00528
00529
00530
00532
00533
00534
00535
00536
00537
00541
00542
00543
00544
00545
00546
00547
00548
00549
00550
00551
00552
00553
00554
00555
00556
00557
00558
00559
00560
00563
00564
00565
00568
00569
00570
00571
00572
00573
00579
00580
00588
00589
00590
00591
00592
00593
00594
00595
00596
00597
00598
00599
00600
00601
00602
00603
00604
00605
00606
00607
00608
00609
00610
00611
00612
00613
00620
00621
00622
00623
00624
00625
00627
00628
00629
00631
00632
00633
00634
00635
00636
00637
00638
00639
00640
00641
00646
00647
00648
00649
00658
00660
00661
00662
00663
00664
00665
00666
00667
00669
00672
00673
00674
00676
00680
00687
00688
00689
00690
00691
00695
00696
00697
00698
00699
00700
00701
00702
00705
00706
00707
00708
00709
00710
00711
00712
00713
00714
00715
00716
00717
00718
00723
00724
00725
00726
00727
00728
00729
00730
00731
00732
00733
00734
00735
00736
00737
00738
00739
00740
00741
00742
00743
00744
00745
00746
00747
00748
00749
00750
00751
00752
00753
00754
00755
00756
00757
00763
00764
00765
00766
00767
00768
00769
00770
00771
00772
00773
00774
00775
00776
00777
00778
00779
00780
00781
00782
00783
00784
00791
00792
00794
00797
00800
00801
00802
00803
00814
00818
00819
00820
00821
00822
00823
00824
00825
00828
00829
00834
00835
00838
00839
00840
00841
00846
00848
00849
00851
00852
00853
00857
00858
00859
00860
00861
00862
00863
00865
00866
00867
00868
00869
00870
00879
00890
00893
00894
00895
00896
00907
00909
00921
00949
01004
01119
01139
01245
01292
01297
01298
01317
01318
01319
01320
01321
01322
01323
01324
01325
01326
01327
01328
01329
01330
01331
01332
01333
01334
01335
01336
01337
01338
01339
01340
01341
01342
01343
01344
01345
01346
01347
01348
01349
01350
01351
01352
01353
01354
01355
01356
01357
01358
01359
01360
01361
01362
01363
01364
01365
01366
01367
01368
01369
01370
01371
01372
01373
01374
01375
01376
01377
01378
01379
01380
01381
01382
01383
01384
01385
01386
01387
01388
01389
01390
01391
01392
01393
01394
01395
01396
01397
01398
01399
01400
01401
01402
01403
01404
01405
01406
01407
01408
01409
01410
01411
01412
01413
01414
01415
01416
01417
01418
01419
01420
01421
01422
01423
01424
01425
01426
01427
01428
01429
01430
01431
01432
01433
01434
01435
01436
01437
01438
01439
01440
01441
01442
01443
01444
01445
01446
01447
01448
01449
01450
01451
01452
01453
01454
01455
01456
01457
01458
01459
01460
01461
01462
01463
01464
01465
01466
01467
01468
01469
01470
01471
01472
01473
01474
01475
01476
01477
01478
01479
01480
01481
01482
01483
01484
01485
01487
01488
01489
01490
01491
01492
01493
01494
01495
01496
01497
01498
01499
01500
01501
01502
01503
01508
01509
01510
01511
01512
01513
01514
01515
01516
01517
01518
01519
01520
01521
01522
01523
01524
01525
01526
01527
01528
01529
01530
01531
01532
01533
01534
01537
01538
01545
01548
01549
01551
01552
01553
01559
01560
01561
01562
01563
01564
01565
01566
01567
01568
01569
01570
01571
01572
01573
01574
01575
01576
01577
01578
01579
01580
01581
01582
01583
01584
01585
01586
01587
01588
01589
01590
01591
01592
01593
01594
01595
01596
01597
01598
01599
01601
01602
01603
01604
01605
01606
01607
01608
01609
01610
01611
01612
01613
01614
01615
01616
01617
01618
01619
01620
01621
01622
01623
01624
01625
01626
01627
01628
01629
01630
01631
01632
01633
01634
01635
01636
01637
01638
01639
01640
01641
01642
01643
01644
01645
01646
01647
01648
01649
01650
01651
01652
01653
01654
01655
01656
01657
01658
01659
01660
01661
01662
01663
01664
01665
01666
01667
01668
01669
01670
01671
01672
01673
01674
01675
01676
01677
01678
01679
01680
01681
01682
01683
01684
01685
01686
01687
01688
01689
01690
01706
01708
01709
01710
01711
01712
01718
01719
01721
01722
01723
01724
01725
01726
01727
01728
01732
01733
01734
01735
01736
01741
01742
01746
01747
01748
01749
01750
01751
01752
01753
01754
01755
01756
01757
01758
01759
01760
01761
01762
01763
01764
01765
01766
01767
01768
01769
01770
01771
01772
01773
01774
01775
01776
01777
01778
01779
01780
01781
01782
01783
01784
01785
01786
01787
01789
01790
01791
01792
01793
01794
01795
01796
01797
01801
01803
01804
01805
01809
01810
01812
01813
01817
01818
01822
01826
01827
01828
01829
01830
01831
01837
01838
01839
01840
01841
01842
01843
01844
01845
01846
01847
01848
01849
01850
01851
01852
01853
01854
01855
01856
01857
01858
01859
01860
01861
01862
01863
01864
01865
01866
01867
01868
01869
01870
01871
01872
01873
01874
01875
01876
01878
01879
01880
01881
01882
01883
01885
01886
01887
01888
01889
01890
01891
01892
01893
01894
01895
01896
01897
01898
01899
01900
01901
01902
01903
01904
01905
01906
01907
01908
01909
01910
01911
01912
01913
01914
01915
01916
01917
01918
01919
01920
01921
01922
01923
01924
01925
01926
01927
01928
01929
01930
01931
01932
01933
01934
01935
01936
01937
01938
01939
01940
01941
01942
01943
01944
01947
01950
01952
01953
01954
01955
01956
01957
01958
01959
01960
01961
01962
01963
01964
01965
01966
01967
01969
01970
01971
01972
01973
01975
01976
01977
01978
01979
01980
01981
01982
01983
01984
01985
01986
01987
01988
01989
01990
01991
01992
01993
01994
01995
01996
01997
01998
01999
02000
02001
02002
02003
02004
02005
02007
02008
02009
02010
02011
02012
02013
02014
02015
02016
02018
02019
02020
02021
02022
02023
02024
02029
02030
02031
02032
02033
02041
02042
02043
02044
02045
02046
02047
02048
02049
02050
02051
02052
02053
02054
02055
02058
02059
02060
02064
02065
02066
02067
02068
02069
02070
02071
02072
02073
02074
02075
02076
02077
02078
02081
02086
02087
02089
02090
02091
02092
02093
02094
02095
02096
02097
02098
02099
02100
02101
02102
02103
02104
02105
02106
02107
02108
02109
02110
02111
02112
02113
02114
02115
02116
02117
02118
02119
02120
02121
02122
02123
02124
02125
02126
02127
02128
02129
02130
02131
02132
02133
02134
02135
02136
02137
02138
02139
02140
02141
02142
02143
02144
02145
02148
02150
02154
02155
02156
02157
02158
02159
02160
02161
02162
02163
02164
02165
02166
02167
02168
02169
02170
02171
02172
02173
02174
02175
02176
02177
02178
02179
02180
02181
02182
02183
02184
02185
02186
02187
02188
02189
02190
02191
02192
02193
02194
02195
02196
02197
02198
02199
02200
02201
02202
02203
02204
02205
02206
02207
02208
02209
02210
02211
02212
02213
02214
02215
02216
02217
02218
02219
02220
02221
02222
02223
02224
02225
02226
02227
02228
02229
02230
02231
02232
02233
02234
02235
02236
02237
02238
02239
02240
02241
02242
02243
02244
02245
02246
02247
02248
02249
02250
02251
02252
02253
02254
02255
02256
02257
02258
02259
02260
02261
02262
02263
02264
02265
02266
02267
02268
02269
02270
02271
02273
02274
02275
02276
02277
02278
02279
02280
02282
02283
02284
02285
02286
02287
02288
02289
02290
02291
02293
02294
02296
02297
02298
02299
02300
02301
02302
02303
02304
02305
02306
02307
02308
02309
02310
02311
02312
02313
02314
02315
02316
02317
02318
02319
02320
02321
02322
02323
02324
02325
02326
02327
02328
02329
02330
02331
02332
02333
02334
02335
02336
02337
02338
02339
02340
02341
02342
02343
02344
02345
02346
02347
02348
02349
02351
02352
02353
02354
02355
02356
02357
02358
02359
02360
02361
02362
02363
02364
02365
02366
02367
02368
02369
02370
02371
02372
02373
02374
02375
02376
02377
02378
02379
02381
02382
02383
02384
02385
02386
02387
02388
02389
02390
02391
02392
02393
02394
02395
02396
02397
02398
02399
02400
02401
02402
02406
02408
02409
02410
02417
02423
02424
02425
02426
02427
02428
02429
02430
02431
02432
02433
02434
02435
02436
02437
02438
02439
02440
02441
02442
02443
02444
02445
02446
02447
02448
02449
02450
02451
02452
02453
02454
02455
02456
02457
02458
02459
02460
02461
02462
02463
02464
02465
02466
02467
02468
02469
02470
02476
02477
02478
02479
02480
02481
02482
02483
02484
02485
02486
02487
02488
02489
02490
02491
02492
02493
02494
02495
02496
02497
02498
02499
02500
02501
02502
02503
02504
02505
02506
02507
02508
02509
02510
02511
02512
02513
02514
02515
02516
02517
02518
02519
02520
02521
02522
02523
02524
02525
02526
02527
02528
02529
02530
02531
02532
02533
02534
02535
02536
02537
02538
02539
02540
02541
02542
02543
02544
02545
02546
02547
02548
02549
02550
02551
02553
02554
02555
02556
02557
02558
02559
02560
02561
02563
02564
02565
02566
02567
02568
02570
02571
02573
02574
02575
02577
02578
02579
02580
02581
02582
02584
02585
02586
02587
02588
02589
02590
02591
02592
02593
02594
02595
02596
02597
02598
02599
02600
02601
02602
02603
02604
02605
02606
02609
02611
02613
02614
02615
02619
02620
02622
02627
02629
02630
02631
02633
02634
02635
02636
02637
02638
02639
02640
02641
02642
02643
02644
02645
02646
02647
02648
02649
02650
02651
02652
02653
02654
02655
02656
02657
02658
02659
02660
02661
02662
02663
02664
02665
02666
02667
02668
02669
02670
02671
02672
02673
02674
02675
02676
02677
02678
02679
02680
02681
02682
02683
02684
02685
02686
02687
02688
02689
02690
02691
02692
02693
02694
02695
02696
02697
02698
02699
02700
02701
02702
02703
02704
02705
02706
02707
02708
02709
02710
02711
02712
02714
02715
02717
02718
02719
02720
02722
02723
02724
02725
02726
02727
02728
02729
02730
02731
02732
02733
02734
02735
02736
02737
02739
02740
02742
02743
02744
02745
02746
02747
02748
02749
02750
02751
02752
02753
02754
02755
02756
02757
02758
02759
02760
02761
02762
02763
02764
02765
02766
02767
02768
02769
02770
02771
02772
02773
02774
02775
02776
02777
02780
02781
02783
02786
02787
02788
02795
02796
02797
02798
02799
02800
02801
02802
02803
02804
02805
02806
02807
02808
02809
02810
02811
02812
02813
02814
02815
02816
02817
02818
02819
02820
02821
02822
02823
02824
02825
02826
02827
02828
02829
02830
02831
02832
02833
02834
02835
02837
02838
02839
02840
02841
02842
02843
02844
02845
02846
02847
02848
02849
02850
02851
02852
02853
02854
02855
02856
02857
02858
02859
02860
02861
02862
02863
02864
02865
02866
02867
02868
02869
02870
02871
02872
02873
02874
02875
02876
02878
02879
02882
02883
02884
02885
02886
02887
02888
02889
02890
02891
02892
02893
02894
02895
02896
02897
02898
02899
02900
02901
02902
02903
02904
02905
02906
02907
02908
02909
02910
02911
02912
02913
02914
02915
02916
02917
02918
02919
02920
02921
02922
02923
02924
02925
02926
02927
02928
02929
02930
02931
02932
02933
02934
02935
02936
02937
02938
02939
02940
02941
02942
02951
02960
02961
02962
02963
02964
02966
02967
02968
02969
02970
02971
02972
02973
02974
02975
02976
02977
02978
02979
02980
02982
02983
02984
02986
02987
02988
02989
02990
02991
02992
02993
02994
02995
02996
02997
02998
02999
03000
03001
03002
03003
03004
03005
03006
03007
03008
03009
03010
03011
03012
03013
03014
03015
03016
03017
03018
03019
03020
03021
03022
03023
03024
03025
03026
03027
03028
03029
03030
03031
03032
03033
03034
03035
03036
03037
03038
03039
03041
03042
03043
03044
03047
03048
03049
03050
03051
03052
03053
03054
03055
03056
03057
03058
03059
03060
03061
03062
03063
03064
03065
03066
03067
03068
03069
03070
03071
03072
03073
03080
03081
03082
03083
03084
03085
03086
03087
03088
03089
03090
03091
03092
03093
03094
03095
03096
03097
03098
03099
03100
03101
03102
03103
03104
03105
03106
03107
03108
03109
03110
03111
03112
03113
03114
03115
03116
03117
03118
03119
03120
03121
03122
03123
03124
03125
03126
03127
03128
03129
03130
03131
03132
03133
03134
03135
03136
03137
03138
03141
03142
03143
03144
03145
03146
03147
03148
03149
03150
03151
03152
03153
03154
03155
03156
03157
03158
03159
03160
03161
03162
03163
03164
03165
03166
03167
03168
03169
03170
03171
03172
03173
03174
03175
03176
03177
03178
03179
03180
03181
03182
03183
03184
03185
03186
03187
03188
03189
03190
03191
03192
03193
03194
03195
03196
03197
03198
03199
03200
03201
03202
03203
03204
03205
03206
03207
03208
03209
03210
03211
03212
03213
03214
03215
03216
03217
03218
03219
03220
03221
03222
03223
03224
03225
03226
03227
03228
03229
03230
03231
03232
03233
03234
03235
03236
03237
03238
03239
03240
03241
03242
03243
03244
03245
03246
03247
03248
03249
03250
03251
03252
03253
03254
03255
03256
03257
03258
03259
03260
03261
03262
03263
03264
03265
03266
03267
03268
03269
03270
03271
03272
03273
03274
03275
03276
03277
03279
03280
03281
03283
03284
03285
03286
03287
03288
03289
03290
03291
03292
03293
03294
03295
03296
03297
03298
03299
03300
03301
03303
03304
03305
03306
03307
03308
03309
03310
03311
03312
03313
03314
03315
03316
03317
03318
03319
03320
03321
03322
03323
03324
03325
03326
03327
03328
03329
03330
03333
03334
03336
03337
03338
03339
03340
03341
03342
03343
03344
03345
03346
03347
03348
03349
03350
03351
03352
03353
03354
03355
03356
03357
03358
03359
03360
03361
03362
03367
03368
03369
03370
03371
03382
03393
03395
03396
03397
03398
03399
03400
03401
03437
03441
03442
03443
03444
03445
03452
03457
03467
03468
03469
03470
03471
03472
03473
03474
03475
03476
03477
03478
03485
03486
03487
03488
03489
03490
03491
03492
03493
03494
03498
03499
03500
03501
03502
03503
03504
03506
03522
03523
03553
03554
03557
03558
03560
03561
03562
03563
03565
03566
03567
03568
03569
03570
03571
03575
03576
03582
03583
03584
03585
03586
03587
03589
03590
03591
03592
03593
03594
03595
03596
03597
03598
03599
03600
03601
03602
03603
03604
03605
03606
03607
03612
03613
03614
03615
03618
03621
03622
03623
03624
03625
03626
03627
03629
03630
03631
03632
03633
03634
03635
03636
03637
03638
03640
03641
03642
03643
03644
03645
03646
03713
03714
03715
03716
03717
03718
03719
03749
03781
03793
03881
03887
03888
03890
03891
03892
03893
03894
03895
03896
03897
03898
03899
03900
03901
03902
03903
03904
03905
03906
03907
03908
03909
03910
03911
03914
03915
03916
03924
03956
03957
03958
03972
04010
04015
04016
04048
04064
04075
04077
04078
04079
04080
04104
04105
04106
04129
04130
04131
04132
04134
04142
04143
04148
04149
04150
04153
04154
04155
04156
04193
04210
04213
04228
04237
04238
04291
04293
04304
04305
04306
04307
04319
04326
04341
04342
04345
04350
04351
04352
04353
04354
04355
04356
04357
04358
04359
04360
04361
04362
04364
04365
04366
04367
04368
04369
04370
04371
04379
04380
04381
04384
04385
04392
04394
04404
04415
04416
04417
04418
04420
04421
04422
04424
04425
04445
04447
04448
04449
04450
04451
04452
04453
04454
04456
04458
04460
04467
04468
04469
04470
04471
04472
04473
04474
04475
04476
04477
04478
04479
04480
04481
04482
04483
04484
04485
04486
04487
04488
04489
04490
04491
04492
04493
04494
04495
04496
04497
04502
04503
04509
04510
04511
04512
04513
04514
04515
04519
04520
04521
04522
04523
04525
04526
04527
04529
04530
04533
04534
04535
04536
04537
04538
04539
04540
04541
04542
04543
04544
04545
04546
04547
04548
04549
04550
04551
04552
04553
04554
04555
04556
04557
04558
04559
04560
04561
04562
04563
04564
04565
04566
04568
04570
04572
04573
04574
04583
04600
04601
04602
04603
04605
04606
04607
04608
04609
04615
04618
04622
04623
04630
04632
04633
04634
04636
04638
04649
04650
04653
04654
04655
04656
04657
04658
04659
04660
04661
04662
04663
04664
04665
04666
04667
04668
04669
04670
04671
04676
04683
04684
04685
04686
04687
04688
04689
04690
04691
04692
04693
04694
04695
04696
04697
04698
04699
04700
04702
04704
04705
04706
04713
04714
04715
04725
04726
04727
04731
04732
04733
04734
04735
04736
04737
04738
04739
04748
04749
04750
04751
04752
04753
04759
04760
04768
04770
04779
04780
04781
04782
04783
04784
04785
04786
04787
04788
04789
04790
04791
04810
04811
04812
04813
04814
04815
04816
04817
04818
04819
04820
04821
04822
04823
04824
04825
04826
04827
04828
04829
04830
04831
04832
04833
04834
04835
04836
04837
04838
04839
04840
04841
04842
04843
04844
04845
04846
04847
04848
04849
04850
04851
04852
04853
04854
04855
04856
04857
04860
04861
04862
04863
04864
04865
04866
04867
04868
04869
04870
04871
04872
04873
04874
04875
04876
04877
04878
04879
04880
04881
04884
04885
04886
04888
04889
04890
04891
04892
04893
04894
04895
04896
04897
04898
04899
04900
04901
04902
04903
04904
04905
04906
04907
04908
04909
04910
04911
04912
04913
04914
04915
04916
04917
04918
04919
04920
04921
04922
04923
04924
04925
04926
04951
04959
04960
04961
04962
04966
04967
04968
04969
04970
04971
04972
04973
04975
04976
04981
04982
04983
04984
04985
04986
04987
04988
04989
04990
04991
04992
04993
04994
04995
04996
04997
04998
04999
05000
05001
05002
05003
05004
05005
05006
05007
05008
05009
05010
05011
05012
05013
05014
05015
05021
05022
05030
05032
05037
05044
05045
05046
05047
05048
05049
05050
05051
05052
05053
05055
05056
05057
05059
05060
05061
05064
05065
05066
05067
05068
05069
05070
05071
05072
05073
05074
05075
05076
05077
05078
05079
05080
05081
05082
05083
05084
05085
05086
05087
05088
05089
05090
05091
05092
05093
05094
05095
05096
05097
05098
05099
05100
05101
05102
05103
05104
05105
05106
05107
05108
05109
05110
05111
05112
05113
05114
05115
05116
05117
05118
05119
05120
05121
05122
05123
05124
05125
05126
05127
05139
05148
05155
05158
05159
05160
05214
05215
05229
05230
05231
05232
05233
05234
05235
05236
05237
05238
05239
05244
05245
05246
05247
05248
05249
05250
05251
05252
05253
05254
05255
05256
05257
05258
05259
05260
05261
05262
05263
05264
05294
05295
05296
05297
05298
05300
05301
05302
05303
05304
05305
05306
05307
05308
05309
05311
05312
05317
05318
05326
05327
05328
05329
05330
05331
05332
05333
05336
05337
05341
05342
05344
05348
05351
05352
05353
05354
05355
05356
05357
05358
05359
05360
05361
05362
05363
05364
05365
05366
05367
05368
05369
05370
05371
05372
05373
05374
05375
05376
05377
05378
05379
05380
05381
05382
05383
05384
05385
05386
05387
05388
05389
05390
05391
05392
05393
05403
05404
05405
05415
05424
05425
05426
05427
05428
05429
05430
05436
05437
05438
05439
05440
05447
05449
05450
05451
05452
05453
05454
05455
05456
05457
05458
05459
05460
05462
05463
05464
05465
05473
05474
05475
05476
05477
05478
05479
05480
05481
05482
05483
05494
05496
05497
05498
05499
05500
05501
05503
05504
05505
05506
05507
05508
05511
05514
05515
05516
05517
05518
05519
05520
05521
05523
05524
05525
05526
05527
05528
05529
05530
05531
05532
05533
05534
05535
05536
05537
05548
05559
05566
05567
05568
05569
05574
05575
05576
05578
05580
05582
05584
05585
05587
05588
05597
05598
05611
05612
05613
05614
05615
05621
05622
05623
05624
05625
05626
05627
05628
05629
05630
05631
05636
05640
05644
05645
05646
05649
05650
05651
05652
05653
05654
05656
05657
05658
05660
05661
05662
05663
05664
05665
05666
05667
05668
05669
05671
05672
05673
05674
05675
05676
05677
05678
05679
05680
05689
05690
05691
05702
05706
05707
05708
05709
05718
05725
05726
05727
05728
05729
05730
05731
05732
05733
05734
05737
05738
05739
05740
05741
05742
05743
05744
05745
05746
05747
05748
05749
05750
05751
05752
05753
05754
05755
05756
05757
05758
05759
05760
05761
05762
05763
05764
05765
05766
05767
05768
05769
05770
05771
05772
05773
05774
05775
05776
05777
05778
05779
05780
05781
05782
05783
05784
05785
05786
05787
05788
05789
05790
05791
05792
05793
05794
05795
05796
05797
05798
05799
05800
05801
05802
05803
05804
05805
05806
05807
05808
05814
05815
05816
05817
05818
05819
05820
05821
05822
05824
05825
05826
05829
05830
05831
05832
05833
05834
05835
05836
05837
05838
05839
05840
05841
05842
05843
05844
05845
05846
05847
05848
05849
05850
05856
05857
05858
05859
05860
05861
05862
05863
05864
05865
05866
05867
05868
05869
05870
05871
05872
05873
05874
05875
05876
05877
05878
05879
05880
05882
05897
05898
05899
05900
05901
05902
05909
05916
05917
05918
05922
05934
05937
05960
05961
05962
05963
05964
05967
05980
05981
05995
05996
05997
05998
05999
06000
06001
06002
06003
06004
06005
06007
06022
06026
06034
06041
06043
06053
06054
06108
06141
06228
06229
06234
06291
06401
06444
06445
06446
06492
06493
06494
06495
06496
06502
06504
06505
06506
06507
06508
06509
06510
06512
06514
06515
06516
06517
06521
06525
06529
06530
06531
06532
06536
06537
06565
06580
06612
06613
06614
06615
06616
06617
06627
06721
06722
06725
06728
06729
06730
06731
06733
06734
06735
06736
06737
06740
06742
06743
06745
06746
06748
06749
06750
06751
06753
06759
06762
06763
06764
06765
06766
06767
06768
06769
06770
06773
06775
06776
06781
06784
06785
06786
06787
06788
06789
06790
06791
06795
06799
06800
06801
06802
06806
06817
06821
06822
06823
06824
06825
06826
06828
06829
06830
06831
06832
06833
06834
06835
06836
06837
06838
06839
06840
06841
06842
06843
06844
06845
06846
06847
06848
06849
06856
06857
06860
06861
06862
06863
06864
06865
06866
06874
06875
06885
06886
06897
06908
06909
06910
06911
06912
06914
06915
06916
06917
06918
06919
06921
06922
06923
06929
06930
06931
06932
06933
06934
06935
06936
06938
06946
06947
07152
07153
07154
07155
07156
07157
07158
07160
07161
07162
07163
07165
07166
07167
07168
07169
07182
07187
07188
07189
07398
07399
07404
07406
07407
07410
07423
07424
07425
07612
07613
07614
07615
07616
07617
07632
07633
07635
07636
07637
07650
07651
07653
07654
07655
07656
07657
07658
07659
07660
07662
07666
07667
07668
07669
07670
07671
07672
07673
07674
07675
07676
07678
07679
07680
07681
07682
07683
07684
07685
07686
07687
07688
07689
07700
07711
07722
07726
07731
07732
07733
07735
07737
07738
07739
07740
07741
07742
07743
07744
07745
07746
07747
07748
07749
07750
07751
07752
07759
07760
07761
07762
07763
07768
07769
07770
07771
07772
07773
07820
07821
07822
07823
07824
07825
07839
07840
07841
07842
07843
07844
07845
07846
07847
07848
07849
07850
07851
07852
07853
07854
07855
07864
07875
07884
07885
07886
07887
07888
07889
07893
07894
07895
07896
07897
07899
07902
07903
07904
07910
07915
07920
07921
07922
07923
07924
07925
07926
07927
07928
07929
07930
07931
07932
07939
07947
07948
07949
07950
07952
07953
07954
07955
07956
07957
07958
07959
07960
07961
07962
07963
07964
07965
07966
07967
07968
07969
07970
07971
07972
07973
07974
07975
07976
07977
07978
07979
07980
07981
07982
07983
07984
07985
07986
07987
07988
07989
07990
07991
07992
07993
07994
07995
07996
07997
07998
07999
08000
08001
08002
08003
08004
08005
08006
08007
08008
08009
08010
08011
08012
08013
08014
08015
08016
08017
08018
08019
08020
08021
08022
08023
08024
08025
08443
08485
08486
08487
08488
08489
08492
08493
08494
08495
08496
08497
08498
08499
08500
08501
08509
08510
08519
08522
08524
08525
08526
08527
08528
08529
08530
08531
08533
08544
08546
08548
08549
08550
08551
08552
08553
08554
08558
08559
08561
08562
08567
08568
08569
08570
08571
08584
08585
08597
08598
08599
08601
08602
08603
08604
08605
08606
08607
08608
08610
08611
08612
08613
08614
08615
08616
08617
08618
08619
08622
08623
08624
08625
08626
08627
08628
08629
08630
08631
08632
08633
08634
08635
08636
08637
08638
08639
08640
08641
08642
08643
08644
08645
08646
08647
08648
08649
08650
08651
08652
08653
08654
08655
08656
08657
08658
08659
08660
08661
08662
08663
08664
08665
08666
08667
08668
08669
08670
08671
08672
08673
08675
08676
08677
08678
08680
08681
08682
08683
08684
08685
08686
08687
08688
08689
08690
08691
08692
08693
08698
08699
08700
08701
08702
08703
08704
08705
08706
08707
08708
08709
08713
08714
08715
08716
08717
08718
08719
08720
08721
08722
08723
08724
08725
08726
08727
08728
08729
08730
08731
08732
08736
08737
08738
08740
08741
08745
08746
08747
08748
08749
08750
08751
08752
08753
08754
08755
08756
08757
08759
08760
08761
08762
08763
08764
08765
08766
08767
08768
08769
08770
08771
08772
08773
08774
08775
08776
08777
08778
08779
08780
08781
08782
08783
08784
08785
08786
08787
08788
08789
08790
08791
08792
08793
08794
08795
08796
08797
08798
08799
08803
08804
08805
08806
08807
08808
08809
08810
08815
08828
08829
08831
08832
08833
08834
08835
08836
08837
08838
08840
08841
08842
08843
08847
08848
08849
08850
08851
08852
08853
08856
08857
08858
08859
08860
08861
08862
08863
08864
08870
08871
08872
08873
08874
08875
08876
08877
08878
08879
08880
08881
08882
08885
08886
08887
08888
08889
08890
08891
08898
08899
08910
08911
08942
08960
08961
08962
08966
08967
08968
08969
08970
08983
08984
08986
08987
08988
08989
09008
09009
09011
09023
09024
09026
09027
09033
09034
09035
09036
09037
09038
09039
09040
09041
09042
09044
09045
09046
09047
09048
09049
09050
09051
09052
09053
09054
09055
09056
09057
09058
09059
09060
09061
09065
09071
09072
09073
09074
09075
09076
09077
09078
09079
09080
09081
09082
09083
09084
09085
09086
09087
09088
09089
09090
09093
09100
09130
09131
09132
09133
09134
09135
09136
09175
09176
09177
09181
09182
09189
09190
09191
09192
09193
09194
09195
09196
09197
09198
09199
09200
09221
09222
09224
09225
09226
09227
09230
09231
09232
09233
09234
09235
09236
09239
09241
09242
09243
09244
09245
09246
09247
09248
09249
09250
09252
09253
09254
09255
09256
09257
09258
09261
09262
09263
09264
09269
09270
09271
09272
09273
09274
09275
09276
09277
09285
09287
09288
09299
09300
09343
09344
09345
09346
09347
09348
09349
09350
09351
09352
09358
09360
09361
09362
09363
09364
09365
09366
09367
09368
09369
09370
09371
09372
09379
09380
09381
09412
09413
09414
09415
09416
09417
09418
09419
09420
09421
09423
09424
09425
09426
09427
09428
09429
09430
09437
09455
09462
09463
09464
09465
09466
09467
09468
09469
09474
09475
09476
09478
09479
09483
09484
09485
09486
09487
09500
09521
09533
09534
09535
09536
09537
09538
09539
09540
09541
09542
09543
09544
09545
09546
09547
09548
09549
09550
09551
09552
09553
09554
09556
09558
09559
09560
09561
09562
09563
09604
09605
09606
09607
09608
09609
09610
09611
09612
09613
09614
09615
09616
09617
09618
09619
09620
09621
09622
09623
09626
09627
09628
09629
09630
09631
09632
09633
09634
09635
09636
09637
09638
09642
09643
09666
09990
09991
10206
10208
10211
10212
10213
10218
10219
10220
10221
10222
10223
10239
10240
10241
10244
10246
10247
10248
10249
10250
10251
10252
10253
10254
10255
10256
10257
10258
10259
10262
10265
10266
10267
10268
10269
10270
10272
10273
10274
10276
10277
10279
10280
10281
10282
10283
10284
10285
10286
10287
10293
10294
10297
10323
10324
10325
10326
10327
10329
10330
10340
10341
10342
10344
10345
10346
10347
10348
10349
10393
10397
10413
10414
10415
10417
10418
10419
10420
10421
10422
10423
10424
10425
10426
10428
10435
10436
10437
10439
10440
10441
10442
10443
10444
10449
10452
10453
10454
10455
10456
10457
10458
10459
10479
10487
10489
10491
10493
10552
10555
10557
10558
10559
10560
10561
10562
10566
10567
10568
10569
10570
10572
10573
10574
10576
10577
10617
10618
10629
10637
10638
10640
10647
10648
10651
10655
10656
10657
10658
10659
10716
10737
10772
10859
10880
10886
10929
11023
11025
11026
11027
11213
11214
11218
11219
11220
11221
11222
11223
11224
11225
11226
11227
11228
11229
11230
11231
11232
11233
11234
11235
11236
11237
11238
11239
11240
11241
11242
11243
11244
11245
11246
11247
11248
11249
11250
11251
11252
11253
11254
11255
11256
11257
11258
11259
11273
11274
11287
11289
11296
11297
11298
11299
11300
11301
11302
11303
11304
11305
11306
11307
11308
11309
11310
11311
11312
11313
11314
11315
11316
11317
11318
11319
11320
11321
11322
11323
11324
11325
11326
11327
11328
11329
11330
11331
11332
11333
11334
11385
11386
11387
11388
11389
11390
11391
11392
11393
11394
11395
11396
11398
11399
11400
11401
11407
11409
11410
11411
11412
11413
11414
11415
11416
11417
11419
11422
11423
11424
11425
11426
11427
11428
11429
11430
11431
11432
11433
11434
11435
11436
11437
11438
11439
11440
11441
11442
11443
11444
11445
11446
11447
11448
11449
11450
11451
11452
11453
11454
11455
11456
11457
11458
11459
11460
11461
11477
11478
11485
11486
11487
11488
11489
11490
11495
11496
11497
11498
11499
11500
11501
11502
11503
11504
11505
11506
11507
11508
11509
11510
11511
11512
11513
11514
11515
11516
11517
11518
11519
11520
11521
11522
11523
11524
11525
11526
11527
11528
11529
11530
11532
11533
11534
11535
11536
11537
11538
11567
11569
11570
11571
11572
11573
11574
11575
11576
11577
11578
11579
11580
11581
11582
11583
11584
11585
11586
11587
11588
11589
11590
11591
11592
11593
11594
11595
11598
11599
11600
11601
11602
11603
11604
11605
11606
11607
11608
11609
11610
11611
11612
11613
11614
11615
11620
11621
11622
11623
11627
11628
11629
11630
11631
11632
11633
11634
11635
11637
11638
11639
11640
11641
11642
11643
11644
11645
11646
11648
11649
11650
11651
11652
11653
11654
11655
11656
11657
11659
11660
11661
11691
11778
11779
11780
11781
11782
11784
11786
11787
11790
11791
11792
11793
11796
11797
11800
11886
11887
11888
11889
11890
11891
11892
11893
11894
11895
11933
11934
11935
11936
11937
11951
11952
11953
11954
11955
11956
11966
11967
11979
11980
11981
11982
11983
11984
11985
11986
11987
12011
12012
12013
12014
12015
12053
12054
12055
12056
12057
12058
12059
12060
12061
12062
12063
12064
12065
12066
12067
12068
12069
12070
12072
12073
12074
12075
12076
12077
12078
12079
12084
12085
12086
12087
12088
12089
12090
12091
12092
12093
12094
12095
12096
12098
12099
12100
12101
12102
12108
12109
12110
12111
12112
12113
12118
12119
12120
12121
12123
12124
12125
12126
12127
12128
12129
12130
12131
12132
12133
12134
12135
12136
12137
12138
12139
12140
12141
12142
12143
12144
12145
12146
12147
12148
12149
12150
12151
12152
12153
12154
12155
12156
12157
12158
12159
12160
12161
12162
12163
12164
12165
12166
12167
12168
12170
12171
12217
12218
12219
12220
12221
12222
12223
12224
12225
12226
12227
12228
12229
12230
12231
12232
12233
12234
12235
12236
12237
12238
12239
12240
12241
12242
12243
12244
12245
12246
12247
12248
12249
12250
12251
12252
12253
12254
12255
12256
12257
12258
12259
12260
12261
12262
12263
12264
12265
12266
12267
12268
12269
12270
12282
12283
12284
12285
12286
12297
12298
12299
12300
12301
12302
12303
12304
12305
12306
12307
12308
12309
12310
12311
12312
12313
12314
12315
12316
12317
12318
12319
12320
12321
12322
12323
12324
12325
12326
12327
12328
12329
12330
12331
12332
12333
12334
12335
12336
12337
12338
12339
12340
12341
12342
12343
12344
12345
12346
12347
12348
12349
12350
12351
12352
12353
12354
12355
12356
12357
12358
12359
12360
12361
12362
12363
12364
12365
12366
12367
12368
12369
12370
12371
12372
12373
12374
12375
12376
12378
12379
12380
12381
12382
12383
12384
12385
12386
12387
12388
12389
12390
12391
12392
12393
12394
12395
12396
12397
12398
12399
12400
12403
12404
12405
12406
12407
12408
12409
12423
12425
12426
12427
12428
12429
12430
12431
12432
12433
12434
12435
12436
12437
12438
12439
12440
12441
12442
12443
12444
12445
12446
12448
12449
12450
12451
12452
12453
12455
12457
12458
12459
12460
12462
12463
12464
12465
12466
12467
12468
12469
12470
12471
12472
12473
12474
12475
12476
12477
12478
12479
12480
12481
12482
12483
12484
12485
12486
12487
12488
12489
12490
12491
12492
12493
12494
12497
12498
12499
12501
12502
12503
12504
12505
12506
12507
12508
12509
12510
12511
12512
12513
12514
12515
12520
12521
12524
12527
12528
12530
12531
12532
12533
12534
12535
12536
12537
12538
12539
12540
12541
12543
12544
12545
12546
12547
12548
12549
12552
12553
12554
12555
12556
12557
12558
12559
12560
12561
12562
12563
12564
12565
12566
12567
12568
12569
12570
12571
12572
12573
12574
12575
12576
12577
12578
12579
12580
12581
12582
12583
12584
12586
12587
12588
12589
12590
12591
12592
12593
12594
12595
12596
12597
12598
12599
12600
12601
12602
12603
12604
12605
12606
12607
12608
12609
12613
12614
12615
12616
12617
12618
12619
12620
12621
12622
12623
12624
12625
12626
12627
12628
12629
12630
12631
12632
12633
12634
12635
12636
12637
12638
12639
12640
12647
12648
12650
12651
12653
12658
12662
12663
12664
12665
12666
12667
12668
12669
12670
12671
12672
12673
12674
12675
12676
12677
12678
12679
12680
12686
12690
12695
12696
12697
12698
12699
12700
12701
12702
12703
12704
12705
12706
12707
12708
12709
12710
12711
12712
12713
12714
12715
12716
12717
12718
12719
12720
12721
12722
12723
12725
12726
12727
12728
12729
12730
12731
12732
12733
12734
12735
12736
12737
12738
12739
12740
12741
12742
12743
12744
12745
12746
12747
12748
12749
12750
12751
12752
12753
12754
12755
12756
12757
12758
12759
12761
12762
12763
12764
12766
12767
12768
12770
12771
12772
12773
12774
12775
12776
12777
12778
12779
12780
12781
12782
12783
12784
12785
12786
12787
12788
12789
12790
12791
12792
12793
12794
12795
12797
12798
12799
12801
12802
12803
12804
12805
12806
12810
12811
12812
12813
12814
12815
12816
12817
12818
12819
12820
12821
12822
12823
12824
12825
12826
12827
12828
12829
12831
12832
12833
12834
12835
12836
12837
12838
12839
12840
12841
12842
12843
12844
12845
12846
12848
12849
12850
12852
12853
12856
12857
12860
12861
12862
12863
12864
12866
12867
12869
12870
12871
12872
12873
12874
12876
12877
12878
12880
12881
12882
12883
12884
12885
12887
12888
12889
12891
12892
12893
12894
12895
12896
12897
12898
12899
12900
12901
12902
12903
12904
12905
12906
12907
12908
12909
12910
12913
12915
12916
12917
12918
12919
12920
12922
12923
12926
12927
12928
12930
12932
12933
12935
12936
12937
12938
12939
12940
12941
12943
12944
12949
12959
12961
12987
12988