00140
00161
00846
00857
00955
01231
01367
01368
01678
01679
01782
01783
02117
02118
02137
02138
02139
02169
02187
02188
02189
02190
02193
02218
02231
02693
02725
02824
03267
03606
03607
05523
05524
05525
05526
05531
05532
05533
05534
05535
05536
05537
05868
05872
06005
06009
06063
06066
06067
06238
06244
06271
07735
07828
07926
08623
08664
08777
08778
08810
08856
08858
08859
08864
08873
08874
08889
08890
08891
08911
08929
08932
08933
08934
08936
08941
08989
09023
09024
09026
09027
09076
11979
11980
11981
11982
12848
12937
12938