00005
00006
00007
00008
00009
00010
00011
00012
00013
00014
00015
00016
00017
00018
00019
00020
00021
00022
00023
00024
00025
00026
00027
00028
00029
00030
00031
00032
00033
00034
00035
00050
00058
00059
00060
00062
00063
00064
00065
00066
00067
00068
00070
00071
00075
00076
00077
00078
00079
00080
00081
00082
00084
00085
00086
00087
00088
00089
00090
00091
00092
00093
00094
00095
00096
00097
00098
00099
00100
00101
00102
00103
00104
00105
00106
00108
00109
00110
00111
00112
00115
00118
00119
00126
00127
00128
00129
00130
00131
00132
00133
00135
00136
00137
00138
00141
00143
00144
00145
00146
00147
00148
00150
00151
00152
00154
00155
00156
00157
00158
00166
00174
00175
00176
00177
00178
00179
00180
00181
00182
00184
00185
00186
00187
00188
00189
00199
00200
00201
00202
00203
00204
00205
00207
00210
00211
00212
00213
00214
00215
00216
00217
00218
00219
00220
00221
00222
00223
00224
00225
00226
00227
00228
00229
00230
00231
00232
00233
00234
00235
00236
00237
00239
00240
00241
00242
00243
00244
00245
00246
00247
00248
00249
00251
00252
00254
00259
00260
00261
00262
00263
00264
00265
00266
00267
00268
00269
00270
00271
00272
00273
00274
00275
00276
00280
00284
00285
00286
00287
00288
00289
00290
00291
00292
00293
00294
00295
00296
00297
00298
00299
00300
00302
00307
00308
00309
00310
00311
00312
00313
00314
00315
00317
00318
00319
00320
00321
00322
00323
00324
00325
00326
00327
00328
00329
00330
00331
00332
00333
00334
00335
00336
00341
00342
00343
00344
00345
00346
00347
00348
00351
00352
00355
00356
00357
00358
00359
00360
00364
00365
00366
00367
00368
00370
00371
00372
00373
00374
00375
00376
00377
00378
00379
00380
00381
00383
00384
00385
00386
00387
00388
00389
00390
00391
00392
00393
00394
00395
00396
00397
00398
00399
00401
00402
00403
00404
00405
00406
00428
00429
00430
00431
00432
00433
00434
00435
00436
00438
00439
00440
00441
00442
00443
00444
00445
00447
00448
00449
00450
00451
00452
00453
00454
00455
00456
00459
00461
00561
00562
00587
00616
00617
00618
00619
00786
00787
00788
00789
00854
00855
00856
00864
00963
00964
00971
00973
00974
00975
00976
00978
00979
00980
00981
00997
00999
01051
01052
01054
01055
01056
01057
01065
01069
01070
01072
01073
01074
01075
01076
01077
01089
01090
01110
01111
01112
01113
01115
01116
01117
01123
01152
01155
01157
01158
01159
01186
01187
01200
01231
01835
02841
02842
02843
02844
02845
02984
03041
03042
03060
03061
03062
03063
03064
03120
03121
03122
03123
03124
03126
03127
03128
03129
03130
03131
03132
03133
03137
03138
03149
03279
03281
03290
03307
03308
03312
03313
03321
03322
03333
03339
03344
03349
03350
03351
03358
03363
03364
03365
03366
03369
03371
03375
03376
03377
03378
03382
03384
03385
03386
03387
03388
03389
03390
03393
03395
03396
03397
03398
03399
03400
03401
03408
03409
03410
03411
03412
03413
03441
03442
03443
03444
03445
03474
03475
03476
03477
03478
03545
03546
03547
03548
03549
03567
03568
03584
03592
03593
03616
03617
03628
03639
03652
03653
03654
03668
03672
03688
03707
03720
03721
03722
03723
03724
03794
03806
03809
03823
03826
03827
03828
03844
03845
03846
03847
03852
03853
03854
03887
03888
03890
03891
03892
03893
03894
03895
03896
03897
03898
03899
03900
03901
03902
03903
03904
03905
03906
03908
03909
03910
03911
03914
03915
03916
03923
03958
04001
04008
04012
04020
04021
04030
04031
04040
04077
04078
04079
04080
04081
04082
04083
04093
04094
04095
04096
04099
04100
04101
04148
04149
04150
04153
04154
04155
04156
04189
04190
04244
04257
04258
04259
04260
04269
04273
04274
04275
04276
04284
04287
04386
04387
04422
04447
04448
04449
04450
04451
04452
04453
04454
04458
04460
04469
04470
04471
04472
04473
04474
04475
04476
04477
04478
04479
04480
04481
04483
04486
04487
04488
04489
04490
04491
04492
04493
04494
04495
04497
04501
04502
04503
04509
04512
04513
04514
04515
04519
04520
04521
04522
04523
04525
04526
04527
04528
04529
04530
04531
04532
04533
04534
04535
04536
04537
04538
04539
04540
04541
04542
04543
04544
04545
04548
04549
04550
04551
04552
04553
04554
04555
04556
04557
04558
04559
04560
04561
04562
04563
04564
04565
04566
04568
04570
04572
04573
04574
04585
04586
04587
04588
04591
04725
04740
04741
04742
04790
04796
04797
04875
04876
04877
04878
04879
04880
04881
04884
04885
04886
04888
04889
04890
04891
04892
04893
04894
04895
04896
04897
04898
04899
04900
04901
04902
04903
04904
04905
04906
04907
04908
04909
04910
04911
04912
04913
04914
04915
04916
04917
04918
04919
04920
04921
04922
04923
04924
04925
04926
04951
04959
04960
04961
04962
04966
04967
04968
04969
04970
04971
04972
04973
04975
04976
04981
04982
04983
04984
04985
04986
04987
04988
04989
04990
04991
04992
04993
04994
04995
04996
04997
04998
04999
05000
05001
05002
05003
05004
05006
05007
05008
05009
05010
05011
05012
05013
05014
05015
05021
05022
05030
05032
05037
05044
05045
05046
05047
05048
05049
05052
05053
05055
05057
05064
05065
05066
05067
05068
05069
05070
05071
05072
05073
05074
05075
05076
05077
05078
05079
05080
05081
05082
05083
05084
05085
05086
05087
05088
05089
05090
05091
05092
05093
05094
05095
05096
05097
05098
05099
05100
05101
05102
05103
05104
05105
05106
05107
05108
05109
05110
05115
05116
05117
05118
05119
05120
05121
05122
05123
05126
05127
05139
05995
05996
05997
05998
05999
06000
06002
06007
06024
06025
06026
06040
06056
06058
06071
06103
06113
06132
06137
06141
06150
06169
06170
06171
06192
06210
06213
06214
06215
06216
06217
06235
06242
06243
06339
06340
06341
06345
06346
06357
06358
06359
06385
06386
06444
06445
06446
06456
06457
06458
06459
06460
06470
06471
06473
06474
06476
06477
06481
06485
06487
06492
06493
06494
06495
06496
06497
06498
06499
06500
06501
06502
06504
06507
06508
06509
06510
06512
06515
06516
06517
06521
06530
06531
06532
06536
06537
06554
06556
06557
06558
06560
06572
06575
06576
06577
06578
06579
06580
06581
06582
06583
06584
06585
06587
06588
06589
06593
06594
06596
06598
06606
06607
06609
06612
06613
07398
07399
07400
07401
07402
07414
07632
07633
07635
07636
07637
07639
07640
07643
07644
07645
08443
08508
08511
08533
08534
08567
08570
08571
08614
08615
08635
08704
08736
08739
08741
08742
08743
08744
08745
08753
08758
08776
08800
08801
08802
08811
08812
08813
08814
08816
08817
08818
08819
08820
08825
08827
08830
08845
08960
08961
08962
08983
08984
08985
08986
08987
08988
08989
08990
09008
09009
09036
09037
09038
09039
09061
09062
09063
09064
09066
09067
09068
09069
09070
09071
09072
09073
09074
09075
09077
09078
09079
09080
09081
09082
09083
09084
09086
09087
09088
09095
09096
09097
09098
09099
09100
09101
09102
09103
09104
09105
09107
09108
09109
09113
09114
09116
09118
09126
09127
09129
09137
09138
09139
09140
09141
09142
09143
09144
09145
09146
09147
09148
09149
09150
09151
10552
10555
10557
10558
10559
10560
10561
10562
10566
10567
10568
10569
10570
10572
10573
10574
10576
10577
10611
10617
10618
10629
10637
10638
10640
10647
10648
10651
10655
10656
10657
10658
10659
10716
12078
12079
12129
12130
12131
12132
12168
12297
12298
12301
12304
12305
12398
12399
12423
12455
12456
12457
12458
12459
12460
12462
12463
12464
12465
12466
12467
12468
12469
12470
12471
12472
12473
12474
12475
12476
12477
12478
12479
12480
12481
12482
12483
12484
12485
12486
12487
12488
12489
12490
12491
12492
12493
12494
12497
12498
12499
12501
12502
12503
12504
12505
12506
12507
12508
12509
12510
12511
12512
12513
12514
12515
12517
12520
12521
12524
12530
12531
12532
12533
12534
12535
12536
12537
12538
12539
12540
12541
12543
12544
12545
12546
12547
12548
12549
12552
12553
12554
12555
12556
12557
12558
12559
12560
12561
12562
12563
12564
12565
12566
12567
12568
12569
12570
12571
12572
12573
12575
12577
12578
12579
12580
12581
12582
12588
12589
12590
12591
12592
12593
12594
12595
12596
12597
12599
12600
12601
12602
12608
12609
12613
12614
12615
12616
12617
12618
12619
12620
12621
12622
12623
12624
12625
12626
12627
12628
12629
12630
12632
12633
12634
12635
12636
12637
12638
12647
12648
12649
12650
12651
12653
12658
12662
12663
12664
12665
12666
12667
12668
12669
12670
12672
12673
12674
12675
12676
12677
12678
12679
12680
12686
12690
12695
12696
12697
12698
12699
12700
12701
12702
12703
12707
12708
12709
12710
12711
12712
12713
12714
12715
12716
12717
12718
12719
12720
12721
12722
12723
12724
12725
12726
12727
12728
12729
12730
12731
12732
12733
12734
12735
12736
12737
12738
12739
12740
12741
12742
12743
12744
12745
12746
12747
12748
12749
12750
12751
12752
12753
12754
12756
12757
12758
12759
12760
12761
12762
12764
12765
12766
12768
12769
12770
12771
12772
12773
12774
12776
12777
12778
12779
12780
12781
12782
12785
12786
12791
12798
12799
12805
12806
12812
12813
12814
12815
12817
12818
12821
12825
12826
12829
12830
12832
12834
12836
12839
12840
12841
12843
12856
12861
12863
12867
12870
12876
12882
12888
12893
12895
12897
12908
12909
12910
12911
12916
12918
12921
12923
12928
12936
12939
12941
12946
12952
12959
12972
12978
12988