12860
12862
12857
12895
12993
12991
12995
12984
03281
12971
12994
08911
12859
12858
02755
12985
00935
03400
12983
04296
03618
12914
00945
12987
12861
12863
12864
00972
00952
03681
06318
06317
08758
08743
12990
08744
00953
00468
12965
12954
00944
03294
00943
00954
02422
06497
03348
08951
00942
06536
06532
03648
00936
00950
00938
02421
01184
12969
00930
06516
02850
02849
08882
03387
03292
06312
06315
08739
03650
12970
06515
08952
01243
06521
06537
00939
03343
03352
00946
00934
00929
12968
08547
08609
03386
12979
03649
03384
02420
08814
03314
08546
03283
06504
06512
06509
08813
12956
06517
12980
03385
06508
00928
03388
06510
03329
06507
02419
12986
03341
08825
00951
06192
09140
03390
03306
09150
03284
09151
09143
09146
00947
09149
09144
12978
00940
00941
05148
00308
03389
09138
12988
03354
06359
00467
03347
08819
08820
00955
03319
12982
06584
09104
09141
09139
04190
06065
08818
06588
09108
08802
01173
06587
09107
09142
08830
06066
03321
08801
09148
09147
08811
08827
01244
09145
02790
08800
00949
03315
03682
00969
00926
08817
12962
12966
08584
08585
00970
12856
08776
00937
04101
03346
03318
03683
01233
04100
06585
09105
11028
03604
12981
12999
06578
09098
06576
09096
08816
03299
06582
09102
06581
09101
06579
06589
09099
09109
04099
06577
09097
03340
09431
01174
01601
03296
06216
06217
02854
03330
08956
03478
03323
03295
03793
05147
05149
12974
03300
00035
12964
12998
09137
03297
00948
01242
06210
06214
06583
09103
03320
03325
06343
03334
01241
12973
12992
10258
11650
00932
03617
03616
10269
12972
03622
03326
03333
01050
03344
03322
00931
12967
03474
06297
00958
08949
08494
06296
06295
11401
06298
01049
02848
00927
02853
09351
03324
08519
08948
03731
00933
03559
12976
03342
08889
03825
12963
12997
05150
02847
03749
02846
00106
03303
12584
03345
00966
03279
03714
01134
03304
00777
03305
12989
08570
08571
03328
10428
03621
12583
03353
03327
08950
03395
03475
06316
06067
03357
03565
03499
06062
12977
12996
03715
08847
00695
06294
08958
01132
01133
01245
03566
01034
01140
01136
01032
01125
08955
06064
01135
00707
08954
01124
08849
00701
00696
06313
06319
06320
08850
01033
08953
12961
00702
08848
00776
12975
01030
00712
09217
12711
12717
12720
12848
12851
12853
12855
12724
12746
12755
12765
12767
12775
12795
12799
12801
12833
12838
