03724
03739
03723
03737
03738
03786
03700
03701
03721
04059
03768
03779
06064
06065
06172
06173
06174
06175
06176
06177
06179
06180
03495
03496
03497
05150
05147
11003
10718
12008
11370
00026
00210
00233
00247
00248
00333
07720
12972
09210
09212
08663
08666
08733
08750
09162
05895
06256
09343
01153
05883
06387
06388
04423
00992
00994
00995
04020
04337
08674
00997
04001
08839
00999
04031
09218
01128
00972
04712
04280
06156
09149
06577
06578
09102
06507
06508
08812
08856
08859
12738
12732
12745
11025
08983
12727
12744
08989
10516
10509
10508
10507
10505
06969
10955
11916
10765
