12745
12929
13692
12854
12912
13868
12862
12857
12917
12866
12869
12722
12760
12769
07663
07729
12766
07710
00130
07718
07696
07697
12713
07691
12731
12891
07693
07692
08911
07694
07695
12778
07728
07727
07706
07705
07702
07701
07699
08986
12936
12897
07719
07720
07725
07723
07721
07703
07704
12890
00041
12858
07724
00129
08984
12836
07652
12718
12751
12931
00131
07698
00018
12879
12728
02708
03238
03243
02705
07664
12739
07647
12273
00653
00652
00651
00650
00654
00014
02796
02755
04702
12743
07648
00626
02807
02818
12870
02608
00016
12289
06810
02913
02912
02906
12691
00019
06401
12889
03240
03275
02702
03273
12275
12800
12276
12909
07649
02704
02711
03244
03276
07677
06611
12908
02712
00432
00431
08075
12692
00026
00025
00024
02618
00023
00020
02569
12081
00015
12080
00022
00021
00972
03880
02719
06929
03824
02715
01697
01949
08600
01695
04021
00244
03870
05921
00160
03421
10841
06539
11287
06540
01693
01737
02612
10540
11832
02706
02710
03236
03239
03241
02707
03237
03932
12899
00233
09380
10215
10224
11794
10216
10225
11795
12864
06936
04794
07297
07286
10584
06938
10549
10551
10529