05000
05090
05091
05093
06507
06508
06521
12653
12664
12670
12675
12678
12679
12680
12686
12690
12712
12714
12716
12718
12723
12739
12916
12921
06517
06536
06537
06510
12992
06516
12994
06515
06504
14370
00064
06512
00065
05105
05094
00126
12991
00138
00220
00295
00093
00229
00224
00329
12995
14371
06532
00315
00077
00314
00137
00219
00331
00223
00227
00230
00309
00226
00448
05107
00079
14373
13533
14372
00323
00084
00320
00293
00294
00330
00326
06509
00232
13531
00078
00236
00317
00225
00332
00228
00239
00221
00235
00335
00313
00218
00300
00292
13532
00076
00311
00310
00328
12993
00231
00312
00319
00234
00240
00327
00082
00302
12959
00307
