08819
12738
07163
08859
08820
08817
08818
08816
08856
09103
09107
09108
09105
12876
09109
09104
12745
12939
09097
09096
09102
09101
09099
03891
00430
12727
09098
12905
11025
12923
08813
08825
08814
12862
12866
12869
08812
08830
08744
00091
11576
04633
09351
12739
08743
12906
05820
12880
05918
08874
04100
04099
08989
03898
04496
00752
12891
04452
04634
04636
03888
00444
03568
03567
08745
12731
08758
08911
03896
03910
03911
03895
11891
03494
06495
06496
09485
09484
03503
03504
06228
03899
03915
03897
03914
03916
12728
06497
00418
12708
09138
09144
09149
09151
09146
09150
09142
09145
09148
09147
09141
09143
09139
12978
12013
03900
03887
03906
03908
09140
11440
07632
08753
08741
07735
00445
05897
00111
06588
06587
12952
09226
03370
04048
06229
10491
12127
04751
04752
04753
04750
03387
06576
06581
06579
06589
03386
03385
06585
06578
06577
02719
00572
03384
00565
00571
11517
07423
07424
08635
00084
12733
03005
08624
11389
11455
02708
03238
02705
03243
08811
02215
02217
05898
05741
12898
11538
06582
11510
12015
09380
02172
00325
02665
02888
03235
12718
08667
02204
02206
11485
03358
08666
12696
02755
07633
02185
02828
02222
02223
12895
03502
07158
05873
05005
00142
02199
02669
03245
02674
03251
12486
03004
03003
02641
02687
03257
11401
07406
05900
05899
05902
05901
00073
02830
02165
05342
02714
00173
12987
02566
02567
05739
05961
07976
00162
12713
06216
06217
12719
02913
02912
02906
00467
03338
00082
02707
03237
02706
02710
03236
03239
03241
02582
12132
12955
08953
11003
10516
10509
10508
10507
10505
06969
10955
11916
10765
12971
12994
08196
09764
12659
11370
12008
07645
02158
08237
12985
08952
12984
05150
05149
05147
03724
10709
10718
10715
10706
10728
03418
03739
03429
03428
03723
06065
10518
07720
07725
07723
07721
07719
12983
07649
12972
04086
06044
12948
12995
00021
08316
12950
00333
03738
03737
01835
03786
07705
07702
07701
07699
07703
07704
08951
02191
04087
12288
00244
05189
00026
07815
07814
07813
10711
10714
10710
06595
09115
07183
02157
00210
03768
00041
08032
03779
06432
00233
07724
04089
10795
04501
07175
07694
07695
10806
10828
03495
00247
07780
07663
10839
12275
02420
02419
12276
07693
10492
07788
07789
04571
04516
06270
03721
03705
03702
03701
03706
03703
03704
03700
05561
05565
05522
10624
10623
09808
09757
10625
03423
00248
03938
05915
09758
07677
07729
01228
04980
04977
00131
12644
08275
08276
05409
03932
00014
04059
01227
12273
12289
10359
08075
00415
07718
07797
07800
07799
07796
07795
06120
06237
06281
06303
05914
05913
03936
01202
05017
05018
00019
09746
09738
09736
09745
11711
09742
06177
08990
04928
04927
06236
00130
07710
06353
07691
01129
06354
01130
06203
01558
06810
05921
00211
00222
01265
06420
07164
07790
07787
01536
06264
00653
00652
00651
00650
00654
07664
08600
05413
05411
04929
07791
07765
07767
07764
07692
06185
09488
07754
01535
04505
08072
05461
06327
07794
07792
05920
07917
07906
07905
06176
06945
06928
04021
02445
02446
02626
02624
01876
01700
01692
01813
01822
06925
09159
03258
06927
02944
02943
02945
02946
02569
01716
01805
01947
01739
05549
02608
02037
02036
02035
02034
