12939
12811
12911
12745
12929
13875
13692
13693
13699
13691
13685
13744
13746
14674
12854
13959
13965
13963
13964
13958
13961
13955
13962
13956
13957
13670
13667
13669
13960
13953
13954
14745
13668
12912
13857
13856
13863
13868
13866
13867
13865
13864
13861
13862
13860
13858
13792
13791
13704
13820
13728
13727
13697
13702
13720
13698
13679
12862
13738
13737
13736
13735
13734
12857
13804
12917
13026
12910
13680
14730
13027
14669
13790
13028
12866
12869
13703
13701
12722
14928
14927
13030
13029
14872
14943
14944
13821
13823
13822
14825
14709
14708
14952
14706
14845
14842
13731
14705
14925
14675
14877
14855
14707
14779
14775
14776
14713
14712
14710
14711
14698
14696
14700
14699
14664
14823
14841
14704
14703
14852
14681
13528
14381
14684
14683
14728
14727
14866
14695
13851
13852
14694
14682
13013
14827
14826
14830
14831
14780
13739
13745
14878
13740
14405
14931
14850
14851
14849
14848
14837
14880
14838
14882
14881
14888
14726
14718
14847
14941
14942
14822
14821
14373
14921
14846
14876
14824
14777
14840
14839
13531
13533
12991
14916
14920
14919
14915
14914
14820
14879
14926
14924
13752
14818
13751
13850
13846
13845
13849
13847
13530
14757
14756
14758
14371
14662
14663
14668
13843
13008
13592
14938
14935
14933
14932
14934
14918
14755
14754
14917
14819
13855
14817
14816
13844
14873
14874
14829
14815
14814
13926
14923
13532
13007
14875
14748
14747
13873
14884
13872
13871
14605
14603
14604
14828
13529
14984
14834
14983
14854
14853
13789
14885
13014
13024
14836
14844
14835
14977
14778
14871
14870
14832
14833
14859
14860
14858
14861
14857
14856
14792
14976
14975
14974
14973
14971
14960
14959
13015
12760
12769
12992
12996
07663
12905
03151
07729
12766
07710
00130
07718
07696
07697
12713
12886
07691
12731
12891
07693
07692
12830
08911
07694
07695
12778
07728
07727
14370
07706
07705
07702
07701
07699
12948
08986
12936
12897
12780
07719
07720
07725
07723
07721
07703
07704
12890
00041
12858
07724
00129
08984
12836
07652
12921
12718
12751
12931
14372
00131
12925
12924
12786
07698
01716
00018
01805
12879
12728
13525
12810
02708
03238
03243
02705
07664
12739
07647
12273
12783
00653
00652
00651
00650
00654
00014
12997
02796
02755
04702
12743
07648
00626
02807
02818
12870
03592
02608
00016
12289
06810
02913
02912
02906
12691
00019
12762
06401
12889
03240
03275
02702
03273
12275
12800
12276
01368
01367
02933
12909
07649
12872
02704
02711
03244
03276
07677
06611
12908
02712
01947
00432
00431
08075
01813
01822
01700
12692
00026
00025
00024
02618
12768
00023
00020
02569
12081
00015
12080
00022
00021
01366
01365
01361
01364
01360
01363
02218
00972
03880
02719
06929
03824
02715
01697
01949
08600
01695
04021
00244
03870
02189
02188
05921
00160
02195
02194
03421
10841
06539
11287
06540
01693
01737
08930
02612
10540
11832
02706
02710
03236
03239
03241
02707
03237
03932
12899
00233
09380
10215
10224
11794
10216
10225
11795
12864
06936
04794
07297
07286
10584
06938
10549
10551
10529