00014
00015
00016
00018
00019
00020
00021
00022
00023
00024
00025
00026
00041
00129
00130
00131
00160
00247
00431
00432
00626
00650
00651
00652
00653
00654
00972
01360
01361
01363
01364
01365
01366
01367
01368
01693
01695
01697
01700
01716
01737
01805
01813
01822
01947
01949
02194
02195
02218
02569
02572
02608
02612
02618
02702
02704
02705
02706
02707
02708
02710
02711
02712
02715
02719
02755
02796
02906
02912
02913
02933
03151
03236
03237
03238
03239
03240
03241
03243
03244
03273
03275
03276
03421
03824
03870
03880
03932
03936
03949
03950
04021
04091
04702
04794
05517
05518
05519
05520
05521
05851
05852
05853
05921
06401
06539
06540
06611
06810
06929
06936
06938
07286
07297
07647
07648
07649
07652
07663
07664
07677
07691
07692
07693
07694
07695
07696
07697
07698
07699
07701
07702
07703
07704
07705
07706
07710
07718
07719
07720
07721
07723
07724
07725
07727
07728
07729
08075
08600
08670
08911
08930
08984
08986
09380
10215
10216
10224
10225
10529
10540
10549
10551
10584
11794
11795
11832
12080
12081
12273
12275
12276
12289
12691
12692
12713
12718
12722
12728
12731
12739
12743
12745
12751
12760
12762
12766
12768
12769
12778
12780
12783
12786
12800
12810
12836
12854
12857
12858
12862
12864
12866
12869
12870
12872
12879
12889
12890
12891
12897
12899
12905
12908
12909
12912
12917
12924
12925
12929
12931
12936
12948
12954
12998
13007
13008
13026
13230
13525
13831
13834
13848
13859
13869
13940
14370
14372
14662
14663
14668
14674